0 0 0 0 0 0 0
0.1 0.00325975 0.000408889 0.000123914 0.00327492 0.000408308 0.000120922
0.2 0.010679 0.00132848 0.000401977 0.0107251 0.00132634 0.00039221
0.3 0.0196787 0.00241296 0.000728154 0.0197572 0.00240859 0.000710343
0.4 0.0286523 0.00343904 0.00103364 0.0287571 0.00343204 0.00100817
0.5 0.0366662 0.00427444 0.00127765 0.0367879 0.00426467 0.00124591
0.6 0.0432427 0.00485296 0.00144006 0.043372 0.00484052 0.00140396
0.7 0.048205 0.00515512 0.00151548 0.048333 0.00514028 0.00147709
0.8 0.0515657 0.00519309 0.00150862 0.0516855 0.00517627 0.00146995
0.9 0.0534504 0.00499927 0.00143072 0.0535568 0.00498099 0.00139354
1 0.0540445 0.00461766 0.00129673 0.0541341 0.00459849 0.00126248
1.1 0.0535577 0.00409752 0.00112326 0.0536287 0.00407809 0.001093
1.2 0.0522017 0.00348885 0.000927066 0.0522535 0.00346976 0.00090148
1.3 0.0501758 0.00283921 0.000723974 0.0502089 0.00282104 0.00070336
1.4 0.0476594 0.00219168 0.000528155 0.0476751 0.00217499 0.000512478
1.5 0.0448085 0.00158361 0.000351699 0.0448084 0.00156888 0.000340629
1.6 0.0417545 0.00104605 0.000204387 0.0417405 0.00103371 0.00019735
1.7 0.0386052 0.000603558 9.36308e-05 0.0385795 0.00059395 8.98626e-05
1.8 0.0354469 0.00027438 2.4533e-05 0.0354115 0.000267784 2.31317e-05
1.9 0.0323464 7.08751e-05 3.2512e-08 0.0323034 6.74928e-05 8.26855e-09
2 0.0293538 4.22218e-08 2.11063e-05 0.029305 0 2.14274e-05
2.1 0.026505 6.41492e-05 8.70073e-05 0.0264522 6.75041e-05 8.66414e-05
2.2 0.0238243 0.000261399 0.000195521 0.0237689 0.000268144 0.00019347
2.3 0.0213263 0.000586598 0.000343227 0.0212697 0.000596665 0.000338558
2.4 0.0190181 0.0010318 0.000525753 0.0189613 0.00104507 0.000517621
2.5 0.0169009 0.00158691 0.000738022 0.0168449 0.00160322 0.000725688
2.6 0.0149714 0.00224025 0.000974476 0.0149168 0.0022594 0.000957321
2.7 0.0132229 0.00297906 0.00122928 0.0131704 0.00300081 0.00120681
2.8 0.0116467 0.00378991 0.00149651 0.0115965 0.00381401 0.00146837
2.9 0.0102321 0.00465913 0.0017703 0.0101847 0.0046853 0.00173627
3 0.00896806 0.0055731 0.00204499 0.00892351 0.00560105 0.00200497
3.1 0.00784268 0.00651852 0.00231523 0.00780113 0.00654796 0.00226924
3.2 0.00684426 0.00748266 0.00257607 0.00680574 0.00751329 0.00252426
3.3 0.00596128 0.0084535 0.00282303 0.00592576 0.00848502 0.00276565
3.4 0.00518268 0.00941985 0.00305215 0.0051501 0.00945198 0.00298955
3.5 0.00449799 0.0103715 0.00326001 0.00446822 0.0104039 0.00319262
3.6 0.00389738 0.0112992 0.00344379 0.0038703 0.0113317 0.0033721
3.7 0.00337175 0.0121947 0.00360122 0.00334722 0.0122271 0.00352578
3.8 0.00291276 0.0130509 0.00373059 0.00289061 0.0130829 0.00365201
3.9 0.00251277 0.0138617 0.00383077 0.00249283 0.0138931 0.00374968
4 0.00216485 0.014622 0.00390114 0.00214696 0.0146525 0.00381818
4.1 0.00186278 0.0153276 0.00394156 0.00184677 0.0153571 0.00385741
4.2 0.00160095 0.0159752 0.00395238 0.00158666 0.0160036 0.00386769
4.3 0.00137436 0.0165626 0.00393434 0.00136165 0.0165896 0.00384976
4.4 0.00117857 0.017088 0.00388858 0.00116728 0.0171136 0.00380473
4.5 0.00100962 0.0175506 0.00381655 0.000999619 0.0175748 0.00373403
4.6 0.000864043 0.0179503 0.00372002 0.000855197 0.0179729 0.00363938
4.7 0.000738755 0.0182874 0.00360097 0.00073095 0.0183083 0.00352274
4.8 0.000631063 0.0185629 0.00346159 0.000624188 0.0185821 0.00338624
4.9 0.000538601 0.018778 0.00330425 0.000532557 0.0187956 0.00323219
5 0.000459304 0.0189347 0.0031314 0.000453999 0.0189505 0.003063
5.1 0.000391369 0.0190349 0.00294561 0.00038672 0.019049 0.00288117
5.2 0.000333225 0.0190812 0.00274947 0.000329158 0.0190935 0.00268924
5.3 0.00028351 0.019076 0.00254557 0.000279956 0.0190866 0.00248975
5.4 0.00024104 0.0190222 0.00233651 0.00023794 0.0190312 0.00228522
5.5 0.000204791 0.0189227 0.00212482 0.000202091 0.0189301 0.00207815
5.6 0.000173879 0.0187806 0.00191298 0.000171529 0.0187863 0.00187093
5.7 0.000147539 0.0185989 0.00170335 0.000145497 0.0186031 0.0016659
5.8 0.000125112 0.0183806 0.0014982 0.000123339 0.0183834 0.00146526
5.9 0.000106031 0.018129 0.00129968 0.000104493 0.0181303 0.0012711
6 8.9808e-05 0.017847 0.00110977 8.84767e-05 0.017847 0.00108537
6.1 7.60252e-05 0.0175377 0.000930325 7.48733e-05 0.0175364 0.000909883
6.2 6.4323e-05 0.0172039 0.000763033 6.33274e-05 0.0172015 0.000746282
6.3 5.43938e-05 0.0168486 0.000609417 5.35341e-05 0.0168451 0.000596056
6.4 4.59741e-05 0.0164745 0.000470833 4.52325e-05 0.0164699 0.00046053
6.5 3.88388e-05 0.0160841 0.000348466 3.81996e-05 0.0160786 0.000340862
6.6 3.27953e-05 0.0156801 0.00024333 3.22449e-05 0.0156736 0.000238041
6.7 2.76795e-05 0.0152647 0.000156271 2.72059e-05 0.0152575 0.000152896
6.8 2.33514e-05 0.0148403 8.79694e-05 2.29442e-05 0.0148323 8.60896e-05
6.9 1.96915e-05 0.0144089 3.89421e-05 1.93417e-05 0.0144002 3.81279e-05
7 1.65982e-05 0.0139725 9.55023e-06 1.6298e-05 0.0139632 9.36391e-06
7.1 1.39851e-05 0.0135329 4.23455e-09 1.37276e-05 0.0135231 3.60483e-09
7.2 1.17788e-05 0.0130919 1.03708e-05 1.1558e-05 0.0130816 1.01127e-05
7.3 9.91668e-06 0.012651 4.05809e-05 9.72761e-06 0.0126403 3.96242e-05
7.4 8.34582e-06 0.0122117 9.04372e-05 8.18399e-06 0.0122006 8.83464e-05
7.5 7.02123e-06 0.0117752 0.000159623 6.8828e-06 0.0117638 0.000155971
7.6 5.90477e-06 0.0113428 0.000247713 5.78643e-06 0.0113312 0.000242082
7.7 4.96413e-06 0.0109155 0.000354178 4.86302e-06 0.0109037 0.000346165
7.8 4.17192e-06 0.0104943 0.000478397 4.08559e-06 0.0104823 0.000467614
7.9 3.50498e-06 0.01008 0.000619667 3.43132e-06 0.010068 0.000605743
8 2.94372e-06 0.00967339 0.000777212 2.8809e-06 0.00966132 0.000759796
8.1 2.47157e-06 0.00927514 0.000950187 2.41802e-06 0.00926306 0.000928949
8.2 2.07451e-06 0.0088858 0.0011377 2.02889e-06 0.00887373 0.00111233
8.3 1.74072e-06 0.00850583 0.00133879 1.70188e-06 0.00849382 0.00130901
8.4 1.46021e-06 0.00813564 0.00155249 1.42716e-06 0.00812372 0.00151802
8.5 1.22456e-06 0.00777556 0.00177777 1.19644e-06 0.00776375 0.00173839
8.6 1.02666e-06 0.00742584 0.0020136 1.00275e-06 0.00741416 0.00196909
8.7 8.60502e-07 0.00708668 0.00225891 8.40184e-07 0.00707516 0.0022091
8.8 7.21048e-07 0.0067582 0.00251264 7.03789e-07 0.00674686 0.00245736
8.9 6.04038e-07 0.0064405 0.00277373 5.89384e-07 0.00642935 0.00271284
9 5.05888e-07 0.0061336 0.00304109 4.93451e-07 0.00612267 0.0029745
9.1 4.23582e-07 0.0058375 0.00331368 4.13032e-07 0.00582679 0.0032413
9.2 3.54581e-07 0.00555214 0.00359044 3.45635e-07 0.00554168 0.00351222
9.3 2.9675e-07 0.00527745 0.00387036 2.89167e-07 0.00526724 0.00378626
9.4 2.48294e-07 0.00501331 0.00415242 2.41869e-07 0.00500335 0.00406244
9.5 2.07703e-07 0.00475957 0.00443564 2.02261e-07 0.00474987 0.0043398
9.6 1.73709e-07 0.00451606 0.00471908 1.69102e-07 0.00450664 0.00461742
9.7 1.45248e-07 0.0042826 0.00500181 1.41348e-07 0.00427345 0.00489439
9.8 1.21424e-07 0.00405897 0.00528296 1.18125e-07 0.0040501 0.00516986
9.9 1.01486e-07 0.00384496 0.00556168 9.8696e-08 0.00383636 0.00544301
10 8.4805e-08 0.00364032 0.00583717 8.24461e-08 0.00363199 0.00571305
10.1 7.08516e-08 0.0034448 0.00610866 6.8858e-08 0.00343675 0.00597923
10.2 5.91823e-08 0.00325815 0.00637544 5.7498e-08 0.00325038 0.00624085
10.3 4.94255e-08 0.0030801 0.00663682 4.8003e-08 0.00307261 0.00649725
10.4 4.12695e-08 0.00291039 0.00689217 4.00683e-08 0.00290317 0.0067478
10.5 3.44529e-08 0.00274875 0.0071409 3.34391e-08 0.00274179 0.00699194
10.6 2.87571e-08 0.00259489 0.00738247 2.79016e-08 0.0025882 0.00722913
10.7 2.39986e-08 0.00244854 0.00761637 2.32769e-08 0.00244211 0.00745888
10.8 2.0024e-08 0.00230943 0.00784216 1.94154e-08 0.00230326 0.00768074
10.9 1.67048e-08 0.00217729 0.00805941 1.61917e-08 0.00217137 0.00789432
11 1.39335e-08 0.00205185 0.00826776 1.3501e-08 0.00204617 0.00809925
11.1 1.162e-08 0.00193284 0.00846689 1.12556e-08 0.00192739 0.0082952
11.2 9.68903e-09 0.00181999 0.00865651 9.38209e-09 0.00181478 0.00848192
11.3 8.07767e-09 0.00171306 0.00883637 7.81919e-09 0.00170807 0.00865914
11.4 6.73324e-09 0.00161178 0.00900627 6.51562e-09 0.00160701 0.00882667
11.5 5.61171e-09 0.00151591 0.00916603 5.42853e-09 0.00151135 0.00898435
11.6 4.67628e-09 0.00142522 0.00931554 4.52214e-09 0.00142086 0.00913205
11.7 3.89621e-09 0.00133945 0.0094547 3.76652e-09 0.0013353 0.00926966
11.8 3.24578e-09 0.0012584 0.00958343 3.13671e-09 0.00125444 0.00939714
11.9 2.70355e-09 0.00118184 0.00970172 2.61183e-09 0.00117807 0.00951444
12 2.25158e-09 0.00110955 0.00980956 2.17448e-09 0.00110596 0.00962157
12.1 1.87492e-09 0.00104133 0.00990698 1.81011e-09 0.00103791 0.00971855
12.2 1.56105e-09 0.000976982 0.00999404 1.50659e-09 0.000973727 0.00980543
12.3 1.29955e-09 0.000916309 0.0100708 1.25379e-09 0.000913214 0.0098823
12.4 1.08171e-09 0.000859128 0.0101374 1.04328e-09 0.000856187 0.00994926
12.5 9.00268e-10 0.000805262 0.010194 8.67996e-10 0.000802468 0.0100064
12.6 7.49166e-10 0.000754539 0.0102406 7.22071e-10 0.000751887 0.0100539
12.7 6.23347e-10 0.000706797 0.0102776 6.00603e-10 0.00070428 0.010092
12.8 5.18594e-10 0.000661877 0.010305 4.99507e-10 0.00065949 0.0101207
12.9 4.31392e-10 0.00061963 0.010323 4.15376e-10 0.000617367 0.0101404
13 3.5881e-10 0.000579913 0.010332 3.45374e-10 0.000577768 0.0101511
13.1 2.98405e-10 0.000542587 0.010332 2.87136e-10 0.000540556 0.0101531
13.2 2.4814e-10 0.000507522 0.0103234 2.3869e-10 0.0005056 0.0101468
13.3 2.06318e-10 0.000474593 0.0103064 1.98395e-10 0.000472774 0.0101322
13.4 1.71525e-10 0.000443681 0.0102813 1.64884e-10 0.00044196 0.0101097
13.5 1.42584e-10 0.000414672 0.0102483 1.37018e-10 0.000413045 0.0100795
13.6 1.18513e-10 0.000387459 0.0102078 1.13849e-10 0.000385921 0.0100419
13.7 9.84953e-11 0.000361938 0.0101599 9.45872e-11 0.000360486 0.00999717
13.8 8.18499e-11 0.000338013 0.010105 7.85761e-11 0.000336642 0.00994558
13.9 6.80103e-11 0.000315592 0.0100434 6.52684e-11 0.000314297 0.00988742
14 5.65049e-11 0.000294585 0.00997532 5.42089e-11 0.000293363 0.00982296
14.1 4.69411e-11 0.00027491 0.00990113 4.50188e-11 0.000273758 0.00975251
14.2 3.89922e-11 0.000256488 0.0098211 3.73829e-11 0.000255402 0.00967633
14.3 3.2386e-11 0.000239245 0.00973552 3.10392e-11 0.000238222 0.00959472
14.4 2.68965e-11 0.00022311 0.00964469 2.57694e-11 0.000222146 0.00950797
14.5 2.23353e-11 0.000208016 0.00954889 2.13922e-11 0.000207108 0.00941635
14.6 1.85459e-11 0.0001939 0.00944842 1.77569e-11 0.000193044 0.00932014
14.7 1.53979e-11 0.000180702 0.00934356 1.47379e-11 0.000179897 0.00921964
14.8 1.27831e-11 0.000168366 0.0092346 1.22311e-11 0.000167608 0.0091151
14.9 1.06113e-11 0.000156838 0.00912181 1.01498e-11 0.000156126 0.00900681
15 8.80775e-12 0.000146069 0.00900547 8.42186e-12 0.000145399 0.00889502
15.1 7.31007e-12 0.000136011 0.00888585 6.98748e-12 0.000135382 0.00878001
15.2 6.06653e-12 0.00012662 0.00876321 5.79689e-12 0.000126029 0.00866202
15.3 5.03409e-12 0.000117854 0.0086378 4.80874e-12 0.000117298 0.0085413
15.4 4.177e-12 0.000109672 0.00850989 3.9887e-12 0.000109151 0.00841811
15.5 3.46555e-12 0.000102039 0.00837972 3.30822e-12 0.000101549 0.00829268
15.6 2.87503e-12 9.49187e-05 0.00824752 2.7436e-12 9.44589e-05 0.00816524
15.7 2.38494e-12 8.82784e-05 0.00811352 2.27516e-12 8.7847e-05 0.00803601
15.8 1.97824e-12 8.20872e-05 0.00797796 1.88655e-12 8.16826e-05 0.00790523
15.9 1.64075e-12 7.6316e-05 0.00784104 1.56419e-12 7.59367e-05 0.00777308
16 1.36074e-12 7.09377e-05 0.00770298 1.29681e-12 7.05821e-05 0.00763979
16.1 1.12842e-12 6.59265e-05 0.00756398 1.07505e-12 6.55932e-05 0.00750555
16.2 9.35697e-13 6.12583e-05 0.00742424 8.91146e-13 6.09461e-05 0.00737055
16.3 7.75828e-13 5.69108e-05 0.00728394 7.38644e-13 5.66184e-05 0.00723497
16.4 6.43225e-13 5.28626e-05 0.00714326 6.12193e-13 5.25888e-05 0.00709899
16.5 5.33247e-13 4.9094e-05 0.00700239 5.07353e-13 4.88377e-05 0.00696277
16.6 4.42041e-13 4.55863e-05 0.00686147 4.20435e-13 4.53465e-05 0.00682648
16.7 3.66407e-13 4.23222e-05 0.00672067 3.48383e-13 4.20978e-05 0.00669027
16.8 3.03693e-13 3.92854e-05 0.00658014 2.88658e-13 3.90755e-05 0.00655428
16.9 2.51695e-13 3.64605e-05 0.00644003 2.39155e-13 3.62643e-05 0.00641866
17 2.08586e-13 3.38333e-05 0.00630046 1.98128e-13 3.36499e-05 0.00628355
17.1 1.72848e-13 3.13905e-05 0.00616158 1.64127e-13 3.12191e-05 0.00614905
17.2 1.43223e-13 2.91195e-05 0.00602349 1.35952e-13 2.89594e-05 0.0060153
17.3 1.18668e-13 2.70086e-05 0.00588631 1.12606e-13 2.6859e-05 0.00588241
17.4 9.83165e-14 2.50469e-05 0.00575016 9.32632e-14 2.49073e-05 0.00575047
17.5 8.14496e-14 2.32242e-05 0.00561513 7.72377e-14 2.30938e-05 0.0056196
17.6 6.7472e-14 2.15309e-05 0.00548133 6.39616e-14 2.14093e-05 0.00548988
17.7 5.58895e-14 1.99582e-05 0.00534883 5.29641e-14 1.98447e-05 0.0053614
17.8 4.62923e-14 1.84976e-05 0.00521772 4.38547e-14 1.83917e-05 0.00523424
17.9 3.83407e-14 1.71414e-05 0.00508807 3.63098e-14 1.70427e-05 0.00510848
18 3.17529e-14 1.58825e-05 0.00495997 3.0061e-14 1.57904e-05 0.00498419
18.1 2.62955e-14 1.47139e-05 0.00483347 2.48861e-14 1.46281e-05 0.00486142
18.2 2.17747e-14 1.36294e-05 0.00470864 2.06008e-14 1.35495e-05 0.00474025
18.3 1.803e-14 1.26231e-05 0.00458553 1.70523e-14 1.25487e-05 0.00462072
18.4 1.49285e-14 1.16895e-05 0.00446418 1.41143e-14 1.16202e-05 0.00450288
18.5 1.23597e-14 1.08235e-05 0.00434465 1.16817e-14 1.0759e-05 0.00438677
18.6 1.02324e-14 1.00203e-05 0.00422697 9.66788e-15 9.96035e-06 0.00427245
18.7 8.47069e-15 9.27553e-06 0.00411118 8.00073e-15 9.21975e-06 0.00415993
18.8 7.01191e-15 8.58498e-06 0.00399732 6.62069e-15 8.53312e-06 0.00404926
18.9 5.80403e-15 7.94482e-06 0.0038854 5.47838e-15 7.89662e-06 0.00394046
19 4.80395e-15 7.35145e-06 0.00377545 4.53291e-15 7.30668e-06 0.00383355
19.1 3.97597e-15 6.80155e-06 0.0036675 3.7504e-15 6.75996e-06 0.00372855
19.2 3.29052e-15 6.29199e-06 0.00356155 3.1028e-15 6.25339e-06 0.00362549
19.3 2.72309e-15 5.81989e-06 0.00345762 2.56689e-15 5.78407e-06 0.00352436
19.4 2.25339e-15 5.38255e-06 0.00335572 2.12343e-15 5.34933e-06 0.00342518
19.5 1.8646e-15 4.97747e-06 0.00325586 1.75648e-15 4.94667e-06 0.00332796
19.6 1.54282e-15 4.60232e-06 0.00315803 1.45288e-15 4.57378e-06 0.0032327
19.7 1.2765e-15 4.25495e-06 0.00306224 1.20168e-15 4.22851e-06 0.0031394
19.8 1.0561e-15 3.93332e-06 0.00296848 9.93868e-16 3.90886e-06 0.00304806
19.9 8.73704e-16 3.63558e-06 0.00287676 8.21951e-16 3.61295e-06 0.00295868
20 7.22776e-16 3.35999e-06 0.00278706 6.79737e-16 3.33907e-06 0.00287124
20.1 5.97889e-16 3.10494e-06 0.00269938 5.621e-16 3.0856e-06 0.00278574
20.2 4.94557e-16 2.86892e-06 0.00261369 4.648e-16 2.85106e-06 0.00270217
20.3 4.09064e-16 2.65053e-06 0.00253 3.84323e-16 2.63406e-06 0.00262052
20.4 3.38333e-16 2.4485e-06 0.00244828 3.17765e-16 2.43332e-06 0.00254077
20.5 2.79819e-16 2.26161e-06 0.00236851 2.6272e-16 2.24763e-06 0.00246291
20.6 2.31414e-16 2.08876e-06 0.00229069 2.17201e-16 2.07589e-06 0.00238692
20.7 1.91373e-16 1.9289e-06 0.00221478 1.7956e-16 1.91707e-06 0.00231277
20.8 1.58253e-16 1.78108e-06 0.00214077 1.48435e-16 1.77022e-06 0.00224046
20.9 1.30859e-16 1.64441e-06 0.00206864 1.227e-16 1.63445e-06 0.00216995
21 1.08202e-16 1.51807e-06 0.00199835 1.01422e-16 1.50894e-06 0.00210123
21.1 8.94635e-17 1.40127e-06 0.00192989 8.38297e-17 1.39293e-06 0.00203427
21.2 7.3967e-17 1.29333e-06 0.00186324 6.9286e-17 1.2857e-06 0.00196905
21.3 6.1152e-17 1.19357e-06 0.00179836 5.7263e-17 1.18662e-06 0.00190554
21.4 5.0555e-17 1.10139e-06 0.00173522 4.73242e-17 1.09506e-06 0.00184372
21.5 4.17925e-17 1.01622e-06 0.00167381 3.91088e-17 1.01047e-06 0.00178355
21.6 3.45473e-17 9.3753e-07 0.00161408 3.23181e-17 9.32328e-07 0.00172502
21.7 2.85569e-17 8.64844e-07 0.00155602 2.67054e-17 8.60145e-07 0.0016681
21.8 2.36043e-17 7.97708e-07 0.0014996 2.20665e-17 7.93476e-07 0.00161275
21.9 1.95097e-17 7.35704e-07 0.00144477 1.82327e-17 7.31906e-07 0.00155894
22 1.61248e-17 6.78447e-07 0.00139152 1.50643e-17 6.75051e-07 0.00150666
22.1 1.33265e-17 6.25578e-07 0.00133981 1.2446e-17 6.22556e-07 0.00145587
22.2 1.10135e-17 5.76765e-07 0.00128962 1.02823e-17 5.74092e-07 0.00140654
22.3 9.1015e-18 5.31704e-07 0.00124091 8.49446e-18 5.29352e-07 0.00135863
22.4 7.52115e-18 4.90108e-07 0.00119365 7.01719e-18 4.88056e-07 0.00131214
22.5 6.21496e-18 4.51717e-07 0.00114781 5.7966e-18 4.49942e-07 0.00126701
22.6 5.13541e-18 4.16285e-07 0.00110336 4.78813e-18 4.14769e-07 0.00122323
22.7 4.24322e-18 3.83589e-07 0.00106028 3.95496e-18 3.82312e-07 0.00118076
22.8 3.50589e-18 3.5342e-07 0.00101852 3.26664e-18 3.52365e-07 0.00113957
22.9 2.89658e-18 3.25586e-07 0.000978064 2.69801e-18 3.24736e-07 0.00109964
23 2.39307e-18 2.99908e-07 0.000938877 2.22828e-18 2.99248e-07 0.00106093
23.1 1.977e-18 2.76221e-07 0.00090093 1.84026e-18 2.75738e-07 0.00102342
23.2 1.63322e-18 2.54373e-07 0.000864193 1.51975e-18 2.54054e-07 0.000987081
23.3 1.34917e-18 2.34223e-07 0.000828638 1.25502e-18 2.34056e-07 0.00095188
23.4 1.11447e-18 2.15642e-07 0.000794234 1.03636e-18 2.15615e-07 0.00091779
23.5 9.20574e-19 1.98507e-07 0.000760955 8.55766e-19 1.98611e-07 0.000884784
23.6 7.60381e-19 1.82709e-07 0.00072877 7.06618e-19 1.82933e-07 0.000852834
23.7 6.28042e-19 1.68144e-07 0.000697652 5.83443e-19 1.68479e-07 0.000821913
23.8 5.18716e-19 1.54718e-07 0.000667574 4.81722e-19 1.55156e-07 0.000791994
23.9 4.28406e-19 1.42341e-07 0.000638508 3.97722e-19 1.42875e-07 0.00076305
24 3.53807e-19 1.30934e-07 0.000610428 3.28358e-19 1.31556e-07 0.000735056
24.1 2.92187e-19 1.20421e-07 0.000583308 2.71082e-19 1.21124e-07 0.000707986
24.2 2.41291e-19 1.10733e-07 0.00055712 2.23789e-19 1.11512e-07 0.000681815
24.3 1.99253e-19 1.01805e-07 0.000531841 1.8474e-19 1.02654e-07 0.000656517
24.4 1.64534e-19 9.35801e-08 0.000507445 1.525e-19 9.44932e-08 0.000632069
24.5 1.35859e-19 8.60021e-08 0.000483908 1.25882e-19 8.69746e-08 0.000608446
24.6 1.12178e-19 7.90212e-08 0.000461205 1.03906e-19 8.00484e-08 0.000585624
24.7 9.26211e-20 7.25908e-08 0.000439313 8.57643e-20 7.36685e-08 0.000563582
24.8 7.64712e-20 6.6668e-08 0.00041821 7.07876e-20 6.77922e-08 0.000542295
24.9 6.3135e-20 6.12132e-08 0.000397872 5.84243e-20 6.23802e-08 0.000521742
25 5.21226e-20 5.61899e-08 0.000378277 4.82187e-20 5.73963e-08 0.000501901
25.1 4.30295e-20 5.15643e-08 0.000359404 3.97946e-20 5.28068e-08 0.000482751
25.2 3.55215e-20 4.73052e-08 0.000341233 3.28412e-20 4.8581e-08 0.000464272
25.3 2.93223e-20 4.33841e-08 0.000323741 2.71019e-20 4.46902e-08 0.000446441
25.4 2.4204e-20 3.97743e-08 0.00030691 2.23649e-20 4.11083e-08 0.000429241
25.5 1.99783e-20 3.64515e-08 0.00029072 1.84553e-20 3.78109e-08 0.000412651
25.6 1.64897e-20 3.33931e-08 0.000275152 1.52287e-20 3.47756e-08 0.000396652
25.7 1.36096e-20 3.05783e-08 0.000260187 1.25658e-20 3.19819e-08 0.000381226
25.8 1.1232e-20 2.7988e-08 0.000245808 1.03682e-20 2.94107e-08 0.000366354
25.9 9.26925e-21 2.56045e-08 0.000231996 8.55471e-21 2.70445e-08 0.00035202
26 7.64906e-21 2.34115e-08 0.000218735 7.05819e-21 2.4867e-08 0.000338206
26.1 6.31166e-21 2.1394e-08 0.000206008 5.8233e-21 2.28633e-08 0.000324895
26.2 5.20774e-21 1.95382e-08 0.000193798 4.80432e-21 2.10198e-08 0.00031207
26.3 4.29656e-21 1.78312e-08 0.000182092 3.96353e-21 1.93237e-08 0.000299717
26.4 3.54449e-21 1.62614e-08 0.000170873 3.26979e-21 1.77633e-08 0.000287819
26.5 2.92376e-21 1.48179e-08 0.000160126 2.69739e-21 1.63279e-08 0.000276361
26.6 2.41146e-21 1.34908e-08 0.000149838 2.22514e-21 1.50076e-08 0.000265329
26.7 1.98866e-21 1.22708e-08 0.000139994 1.83551e-21 1.37932e-08 0.000254708
26.8 1.63972e-21 1.11495e-08 0.000130582 1.51407e-21 1.26763e-08 0.000244485
26.9 1.35176e-21 1.01191e-08 0.000121589 1.24888e-21 1.16491e-08 0.000234646
27 1.11413e-21 9.17247e-09 0.000113002 1.03011e-21 1.07045e-08 0.000225178
27.1 9.18037e-22 8.30295e-09 0.00010481 8.49645e-22 9.83593e-09 0.000216069
27.2 7.56223e-22 7.50448e-09 9.7e-05 7.00774e-22 9.03731e-09 0.000207305
27.3 6.22701e-22 6.77149e-09 8.95622e-05 5.77972e-22 8.30304e-09 0.000198876
27.4 5.12528e-22 6.09883e-09 8.24855e-05 4.76676e-22 7.62798e-09 0.000190768
27.5 4.21624e-22 5.48178e-09 7.57599e-05 3.93123e-22 7.00741e-09 0.000182972
27.6 3.46622e-22 4.916e-09 6.93754e-05 3.24207e-22 6.43695e-09 0.000175476
27.7 2.84743e-22 4.39752e-09 6.33227e-05 2.67365e-22 5.9126e-09 0.00016827
27.8 2.33692e-22 3.92266e-09 5.75929e-05 2.20484e-22 5.43066e-09 0.000161343
27.9 1.91577e-22 3.48807e-09 5.21774e-05 1.81818e-22 4.98772e-09 0.000154685
28 1.56837e-22 3.09068e-09 4.7068e-05 1.49929e-22 4.58065e-09 0.000148287
28.1 1.28181e-22 2.72767e-09 4.22569e-05 1.2363e-22 4.20658e-09 0.00014214
28.2 1.04548e-22 2.39646e-09 3.77368e-05 1.01941e-22 3.86284e-09 0.000136233
28.3 8.50595e-23 2.09468e-09 3.35007e-05 8.40553e-23 3.54699e-09 0.000130559
28.4 6.89922e-23 1.8202e-09 2.9542e-05 6.93059e-23 3.2568e-09 0.000125109
28.5 5.57492e-23 1.57105e-09 2.58544e-05 5.71432e-23 2.99019e-09 0.000119875
28.6 4.48386e-23 1.34544e-09 2.24321e-05 4.71138e-23 2.74526e-09 0.000114849
28.7 3.58549e-23 1.14177e-09 1.92697e-05 3.88437e-23 2.52026e-09 0.000110023
28.8 2.84643e-23 9.58575e-10 1.6362e-05 3.20245e-23 2.31357e-09 0.00010539
28.9 2.23918e-23 7.94532e-10 1.37044e-05 2.64019e-23 2.12373e-09 0.000100942
29 1.74117e-23 6.48463e-10 1.12926e-05 2.17659e-23 1.94937e-09 9.66732e-05
29.1 1.33387e-23 5.19315e-10 9.12243e-06 1.79435e-23 1.78923e-09 9.25762e-05
29.2 1.00212e-23 4.06156e-10 7.19046e-06 1.4792e-23 1.64216e-09 8.86447e-05
29.3 7.33562e-24 3.08167e-10 5.49342e-06 1.21938e-23 1.5071e-09 8.48724e-05
29.4 5.18206e-24 2.24639e-10 4.02847e-06 1.00517e-23 1.38308e-09 8.12533e-05
29.5 3.48029e-24 1.54964e-10 2.79312e-06 8.28571e-24 1.26921e-09 7.77815e-05
29.6 2.1669e-24 9.86371e-11 1.78527e-06 6.82983e-24 1.16465e-09 7.44514e-05
29.7 1.19293e-24 5.52479e-11 1.0032e-06 5.62964e-24 1.06865e-09 7.12576e-05
29.8 5.22069e-25 2.448e-11 4.4554e-07 4.64025e-24 9.8052e-10 6.81948e-05
29.9 1.29311e-25 6.10882e-12 1.11336e-07 3.82466e-24 8.99613e-10 6.5258e-05
