0 1 0
0.1 0.975517 0.0987758
0.2 0.951033 0.195103
0.3 0.92655 0.288982
0.4 0.902066 0.380413
0.5 0.877583 0.469396
0.6 0.810127 0.553781
0.7 0.74267 0.631421
0.8 0.675214 0.702315
0.9 0.607758 0.766464
1 0.540302 0.823867
1.1 0.446389 0.873201
1.2 0.352476 0.913145
1.3 0.258563 0.943697
1.4 0.16465 0.964857
1.5 0.0707372 0.976627
1.6 -0.0266396 0.978832
1.7 -0.124016 0.971299
1.8 -0.221393 0.954028
1.9 -0.31877 0.92702
2 -0.416147 0.890274
2.1 -0.493146 0.84481
2.2 -0.570146 0.791645
2.3 -0.647145 0.730781
2.4 -0.724144 0.662216
2.5 -0.801144 0.585952
2.6 -0.838913 0.503949
2.7 -0.876683 0.418169
2.8 -0.914453 0.328612
2.9 -0.952223 0.235278
3 -0.989992 0.138168
3.1 -0.979285 0.0397038
3.2 -0.968578 -0.0576894
3.3 -0.957871 -0.154012
3.4 -0.947164 -0.249264
3.5 -0.936457 -0.343445
3.6 -0.879894 -0.434262
3.7 -0.823331 -0.519423
3.8 -0.766769 -0.598928
3.9 -0.710206 -0.672777
4 -0.653644 -0.74097
4.1 -0.565074 -0.801906
4.2 -0.476504 -0.853984
4.3 -0.387935 -0.897206
4.4 -0.299365 -0.931571
4.5 -0.210796 -0.95708
4.6 -0.111904 -0.973215
4.7 -0.0130126 -0.97946
4.8 0.085879 -0.975817
4.9 0.184771 -0.962285
5 0.283662 -0.938863
5.1 0.368664 -0.906247
5.2 0.453665 -0.86513
5.3 0.538667 -0.815514
5.4 0.623668 -0.757397
5.5 0.70867 -0.69078
5.6 0.75897 -0.617398
5.7 0.80927 -0.538986
5.8 0.85957 -0.455544
5.9 0.90987 -0.367072
6 0.96017 -0.27357
6.1 0.963454 -0.177389
6.2 0.966737 -0.0808792
6.3 0.970021 0.0159587
6.4 0.973304 0.113125
6.5 0.976588 0.21062
6.6 0.932051 0.306051
6.7 0.887513 0.39703
6.8 0.842976 0.483554
6.9 0.798439 0.565625
7 0.753902 0.643242
7.1 0.672449 0.71456
7.2 0.590995 0.777732
7.3 0.509542 0.832759
7.4 0.428089 0.87964
7.5 0.346635 0.918376
7.6 0.248208 0.948119
7.7 0.149781 0.968018
7.8 0.0513541 0.978075
7.9 -0.047073 0.978289
8 -0.1455 0.96866
8.1 -0.236802 0.949545
8.2 -0.328105 0.9213
8.3 -0.419407 0.883924
8.4 -0.51071 0.837418
8.5 -0.602012 0.781782
8.6 -0.663836 0.71849
8.7 -0.725659 0.649015
8.8 -0.787483 0.573358
8.9 -0.849307 0.491519
9 -0.91113 0.403497
