1 1 1 2 2 0 0.333333 9.01001 9.01001
1.1 1.21 1.21 2.2 2.2 0.110333 0.443667 9.39288 8.80515
1.2 1.44 1.44 2.4 2.4 0.242667 0.576 9.63588 8.70867
1.3 1.69 1.69 2.6 2.6 0.399 0.732333 9.73902 8.77317
1.4 1.96 1.96 2.8 2.8 0.581333 0.914667 9.7023 9.03909
1.5 2.25 2.25 3 3 0.791667 1.125 9.52571 9.52571
1.6 2.56 2.56 3.2 3.2 1.032 1.36533 9.50109 10.224
1.7 2.89 2.89 3.4 3.4 1.30433 1.63767 9.92028 11.0924
1.8 3.24 3.24 3.6 3.6 1.61067 1.944 10.7833 12.0564
1.9 3.61 3.61 3.8 3.8 1.953 2.28633 12.0901 13.0133
2 4 4 4 4 2.33333 2.66667 13.8407 13.8407
2.1 4.41 4.41 4.2 4.2 2.75367 3.087 15.3517 14.4094
2.2 4.84 4.84 4.4 4.4 3.216 3.54933 15.9398 14.5991
2.3 5.29 5.29 4.6 4.6 3.72233 4.05567 15.605 14.3152
2.4 5.76 5.76 4.8 4.8 4.27467 4.608 14.3472 13.5041
2.5 6.25 6.25 5 5 4.875 5.20833 12.1665 12.1665
2.6 6.76 6.76 5.2 5.2 5.52533 5.85867 9.63805 10.3647
2.7 7.29 7.29 5.4 5.4 6.22767 6.561 7.33717 8.22456
2.8 7.84 7.84 5.6 5.6 6.984 7.31733 5.26384 5.92878
2.9 8.41 8.41 5.8 5.8 7.79633 8.12967 3.41806 3.70388
3 9 9 6 6 8.66667 9 1.79983 1.79983
3.1 9.61 9.61 6.2 6.2 9.597 9.93033 0.691252 0.464715
3.2 10.24 10.24 6.4 6.4 10.5893 10.9227 0.374449 -0.0832036
3.3 10.89 10.89 6.6 6.6 11.6457 11.979 0.849418 0.316708
3.4 11.56 11.56 6.8 6.8 12.768 13.1013 2.11616 1.74309
3.5 12.25 12.25 7 7 13.9583 14.2917 4.17467 4.17467
3.6 12.96 12.96 7.2 7.2 15.2187 15.552 6.91127 7.48148
3.7 13.69 13.69 7.4 7.4 16.551 16.8843 10.2123 11.427
3.8 14.44 14.44 7.6 7.6 17.9573 18.2907 14.0777 15.682
3.9 15.21 15.21 7.8 7.8 19.4397 19.773 18.5075 19.8499
4 16 16 8 8 21 21.3333 23.5017 23.5017
4.1 16.81 16.81 8.2 8.2 22.6403 22.9737 27.6646 26.2172
4.2 17.64 17.64 8.4 8.4 24.3627 24.696 29.6006 27.63
4.3 18.49 18.49 8.6 8.6 26.169 26.5023 29.3097 27.4705
4.4 19.36 19.36 8.8 8.8 28.0613 28.3947 26.7919 25.6019
4.5 20.25 20.25 9 9 30.0417 30.375 22.0471 22.0471
4.6 21.16 21.16 9.2 9.2 32.112 32.4453 16.119 17
4.7 22.09 22.09 9.4 9.4 34.2743 34.6077 10.051 10.8208
4.8 23.04 23.04 9.6 9.6 36.5307 36.864 3.84313 4.01381
4.9 24.01 24.01 9.8 9.8 38.883 39.2163 -2.5046 -2.81136
5 25 25 10 10 41.3333 41.6667 -8.9922 -8.9922
