101 0.015808
101.2 0.0160639
101.4 0.016326
101.6 0.0165945
101.8 0.0168697
102 0.0171519
102.2 0.0174411
102.4 0.0177378
102.6 0.018042
102.8 0.0183542
103 0.0186745
103.2 0.0190033
103.4 0.0193408
103.6 0.0196874
103.8 0.0200434
104 0.0204091
104.2 0.0207849
104.4 0.0211712
104.6 0.0215684
104.8 0.0219768
105 0.0223969
105.2 0.0228292
105.4 0.0232741
105.6 0.0237321
105.8 0.0242038
106 0.0246896
106.2 0.0251902
106.4 0.0257062
106.6 0.0262382
106.8 0.0267868
107 0.0273529
107.2 0.027937
107.4 0.02854
107.6 0.0291628
107.8 0.0298061
108 0.030471
108.2 0.0311583
108.4 0.0318691
108.6 0.0326044
108.8 0.0333655
109 0.0341535
109.2 0.0349697
109.4 0.0358155
109.6 0.0366924
109.8 0.0376017
110 0.0385453
110.2 0.0395248
110.4 0.040542
110.6 0.0415989
110.8 0.0426977
111 0.0438405
111.2 0.0450297
111.4 0.0462679
111.6 0.0475577
111.8 0.0489022
112 0.0503044
112.2 0.0517676
112.4 0.0532956
112.6 0.054892
112.8 0.0565611
113 0.0583073
113.2 0.0601355
113.4 0.0620508
113.6 0.0640589
113.8 0.0661658
114 0.0683781
114.2 0.070703
114.4 0.0731481
114.6 0.075722
114.8 0.0784337
115 0.0812933
115.2 0.0843116
115.4 0.0875007
115.6 0.0908735
115.8 0.0944445
116 0.0982294
116.2 0.102246
116.4 0.106512
116.6 0.11105
116.8 0.115884
117 0.121038
117.2 0.126542
117.4 0.132429
117.6 0.138733
117.8 0.145497
118 0.152764
118.2 0.160586
118.4 0.169021
118.6 0.178134
118.8 0.187999
119 0.1987
119.2 0.210333
119.4 0.22301
119.6 0.236858
119.8 0.252023
120 0.268677
120.2 0.28702
120.4 0.307283
120.6 0.329742
120.8 0.35472
121 0.382604
121.2 0.413852
121.4 0.44902
121.6 0.488776
121.8 0.533937
122 0.585502
122.2 0.644707
122.4 0.71309
122.6 0.792578
122.8 0.88561
123 0.995297
123.2 1.12564
123.4 1.28181
123.6 1.47056
123.8 1.70075
124 1.98396
124.2 2.33532
124.4 2.77412
124.6 3.32399
124.8 4.01102
125 4.85711
125.2 5.8632
125.4 6.977
125.6 8.05141
125.8 8.83575
126 9.07009
126.2 8.6633
126.4 7.76956
126.6 6.66283
126.8 5.56897
127 4.60516
127.2 3.80474
127.4 3.15843
127.6 2.64203
127.8 2.22974
128 1.89909
128.2 1.63197
128.4 1.41434
128.6 1.23543
128.8 1.08705
129 0.962912
129.2 0.858215
129.4 0.769229
129.6 0.69305
129.8 0.627394
130 0.570454
130.2 0.520782
130.4 0.477216
130.6 0.438811
130.8 0.404795
131 0.374533
131.2 0.3475
131.4 0.323259
131.6 0.301441
131.8 0.281737
132 0.263886
132.2 0.247664
132.4 0.232881
132.6 0.219373
132.8 0.206998
133 0.195635
133.2 0.185175
133.4 0.175528
133.6 0.166611
133.8 0.158352
134 0.15069
134.2 0.143567
134.4 0.136936
134.6 0.130751
134.8 0.124975
135 0.119571
135.2 0.114508
135.4 0.10976
135.6 0.105299
135.8 0.101104
136 0.0971545
136.2 0.0934307
136.4 0.0899164
136.6 0.086596
136.8 0.0834557
137 0.0804826
137.2 0.0776652
137.4 0.0749928
137.6 0.0724556
137.8 0.0700447
138 0.0677519
138.2 0.0655696
138.4 0.0634908
138.6 0.0615091
138.8 0.0596186
139 0.0578137
139.2 0.0560894
139.4 0.0544409
139.6 0.052864
139.8 0.0513544
140 0.0499085
140.2 0.0485227
140.4 0.0471937
140.6 0.0459185
140.8 0.0446942
141 0.0435181
141.2 0.0423878
141.4 0.0413009
141.6 0.0402552
141.8 0.0392487
142 0.0382794
142.2 0.0373455
142.4 0.0364453
142.6 0.0355773
142.8 0.0347399
143 0.0339316
143.2 0.0331512
143.4 0.0323974
143.6 0.031669
143.8 0.0309648
144 0.0302839
144.2 0.0296251
144.4 0.0289876
144.6 0.0283704
144.8 0.0277727
145 0.0271937
145.2 0.0266326
145.4 0.0260886
145.6 0.0255611
145.8 0.0250495
146 0.024553
146.2 0.0240712
146.4 0.0236034
146.6 0.0231491
146.8 0.0227077
147 0.0222789
147.2 0.0218621
147.4 0.0214568
147.6 0.0210627
147.8 0.0206794
148 0.0203064
148.2 0.0199434
148.4 0.0195901
148.6 0.0192461
148.8 0.018911
149 0.0185846
149.2 0.0182666
149.4 0.0179566
149.6 0.0176545
149.8 0.01736
150 0.0170727
150.2 0.0167925
150.4 0.0165192
150.6 0.0162524
150.8 0.0159921
151 0.015738
151.2 0.0154899
151.4 0.0152476
151.6 0.0150109
151.8 0.0147797
152 0.0145538
152.2 0.014333
152.4 0.0141173
152.6 0.0139063
152.8 0.0137001
153 0.0134983
153.2 0.0133011
153.4 0.0131081
153.6 0.0129192
153.8 0.0127345
154 0.0125536
154.2 0.0123766
154.4 0.0122033
154.6 0.0120336
154.8 0.0118674
155 0.0117047
155.2 0.0115452
155.4 0.011389
155.6 0.011236
155.8 0.011086
156 0.010939
156.2 0.0107949
156.4 0.0106536
156.6 0.0105151
156.8 0.0103793
157 0.010246
157.2 0.0101154
157.4 0.00998717
157.6 0.00986139
157.8 0.00973798
158 0.00961687
158.2 0.009498
158.4 0.00938133
158.6 0.00926679
158.8 0.00915433
159 0.00904391
