0.001 0.000999 0.000999
0.0338634 0.0327183 0.0327359
0.0602086 0.0566384 0.0566905
0.0854415 0.0783568 0.0784444
0.109789 0.0982515 0.0983738
0.133549 0.116698 0.116853
0.156956 0.133968 0.134157
0.180181 0.150252 0.150472
0.203344 0.165678 0.165928
0.226534 0.180333 0.180614
0.249815 0.194282 0.194592
0.273236 0.207571 0.207909
0.296838 0.220234 0.220599
0.320653 0.232298 0.23269
0.344715 0.243785 0.244204
0.36905 0.254714 0.255158
0.393688 0.265099 0.265568
0.418657 0.274954 0.275447
0.443988 0.28429 0.284806
0.46971 0.293117 0.293655
0.495858 0.301441 0.302001
0.522465 0.30927 0.309851
0.549569 0.316608 0.31721
0.577208 0.32346 0.324081
0.605426 0.329826 0.330467
0.634268 0.335708 0.336367
0.663783 0.341105 0.341782
0.694021 0.346014 0.346707
0.72504 0.350431 0.351141
0.756899 0.35435 0.355076
0.789664 0.357765 0.358505
0.823405 0.360667 0.361421
0.858197 0.363045 0.363812
0.894123 0.364886 0.365666
0.931274 0.366179 0.36697
0.969748 0.366906 0.367708
1.00965 0.36705 0.367862
1.05111 0.366594 0.367415
1.09426 0.365515 0.366344
1.13925 0.363791 0.364627
1.18624 0.361396 0.362239
1.23543 0.358303 0.359151
1.28705 0.354482 0.355334
1.34135 0.349898 0.350753
1.39862 0.344515 0.345371
1.45922 0.338291 0.339148
1.52356 0.33118 0.332036
1.59215 0.32313 0.323983
1.66558 0.31408 0.31493
1.74461 0.303963 0.304806
1.83019 0.292696 0.293532
1.92351 0.280187 0.281012
2.02612 0.266323 0.267136
2.14007 0.250975 0.251773
2.26805 0.233998 0.234775
2.41356 0.215252 0.216004
2.58074 0.194691 0.195408
2.77296 0.172578 0.173246
2.98956 0.149805 0.150403
3.2241 0.127785 0.128292
3.46847 0.107691 0.108094
3.71763 0.0900083 0.0903067
3.97044 0.0747017 0.0749031
4.22836 0.0615181 0.0616337
4.49437 0.0501688 0.0502099
4.7723 0.0404005 0.0403781
5.06673 0.0320118 0.0319356
5.38314 0.0248476 0.0247269
5.72828 0.0187889 0.0186322
6.11083 0.013742 0.0135581
6.54245 0.0096291 0.00942734
7.03944 0.00637875 0.0061709
7.62563 0.00391613 0.0037197
8 0.00280372 0.0026837
