1 2.9934
1.05 2.9934
1.1 2.9934
1.15 2.9934
1.2 1.22125
1.25 1.22125
1.3 1.22125
1.35 1.22125
1.4 1.22125
1.45 1.22125
1.5 0.437164
1.55 0.437164
1.6 0.437164
1.65 0.437164
1.7 0.437164
1.75 0.437164
1.8 0.044872
1.85 0.044872
1.9 0.044872
1.95 0.044872
2 0.044872
2.05 0.044872
2.1 -0.168415
2.15 -0.168415
2.2 -0.168415
2.25 -0.168415
2.3 -0.168415
2.35 -0.168415
2.4 -0.168415
2.45 -0.291232
2.5 -0.291232
2.55 -0.291232
2.6 -0.291232
2.65 -0.291232
2.7 -0.291232
2.75 -0.364851
2.8 -0.364851
2.85 -0.364851
2.9 -0.364851
2.95 -0.364851
3 -0.364851
3.05 -0.410234
3.1 -0.410234
3.15 -0.410234
3.2 -0.410234
3.25 -0.410234
3.3 -0.410234
3.35 -0.438751
3.4 -0.438751
3.45 -0.438751
3.5 -0.438751
3.55 -0.438751
3.6 -0.438751
3.65 -0.456894
3.7 -0.456894
3.75 -0.456894
3.8 -0.456894
3.85 -0.456894
3.9 -0.456894
3.95 -0.468521
4 -0.468521
4.05 -0.468521
4.1 -0.468521
4.15 -0.468521
4.2 -0.468521
4.25 -0.475997
4.3 -0.475997
4.35 -0.475997
4.4 -0.475997
4.45 -0.475997
4.5 -0.475997
4.55 -0.480804
4.6 -0.480804
4.65 -0.480804
4.7 -0.480804
4.75 -0.480804
4.8 -0.480804
4.85 -0.48389
4.9 -0.48389
4.95 -0.48389
5 -0.48389
5.05 -0.48389
5.1 -0.48389
5.15 -0.485863
5.2 -0.485863
5.25 -0.485863
5.3 -0.485863
5.35 -0.485863
5.4 -0.485863
5.45 -0.487119
5.5 -0.487119
5.55 -0.487119
5.6 -0.487119
5.65 -0.487119
5.7 -0.487119
5.75 -0.487914
5.8 -0.487914
5.85 -0.487914
5.9 -0.487914
5.95 -0.487914
6 -0.487914
6.05 -0.488413
6.1 -0.488413
6.15 -0.488413
6.2 -0.488413
6.25 -0.488413
6.3 -0.488413
6.35 -0.488726
6.4 -0.488726
6.45 -0.488726
6.5 -0.488726
6.55 -0.488726
6.6 -0.488726
6.65 -0.488921
6.7 -0.488921
6.75 -0.488921
6.8 -0.488921
6.85 -0.488921
6.9 -0.488921
6.95 -0.489041
7 -0.489041
7.05 -0.489041
7.1 -0.489041
7.15 -0.489041
7.2 -0.489041
7.25 -0.489115
7.3 -0.489115
7.35 -0.489115
7.4 -0.489115
7.45 -0.489115
7.5 -0.489115
7.55 -0.48916
7.6 -0.48916
7.65 -0.48916
7.7 -0.48916
7.75 -0.48916
7.8 -0.48916
7.85 -0.489188
7.9 -0.489188
7.95 -0.489188
8 -0.489188
8.05 -0.489188
8.1 -0.489188
8.15 -0.489204
8.2 -0.489204
8.25 -0.489204
8.3 -0.489204
8.35 -0.489204
8.4 -0.489204
8.45 -0.489214
8.5 -0.489214
8.55 -0.489214
8.6 -0.489214
8.65 -0.489214
8.7 -0.489214
8.75 -0.48922
8.8 -0.48922
8.85 -0.48922
8.9 -0.48922
8.95 -0.48922
9 -0.48922
9.05 -0.489224
9.1 -0.489224
9.15 -0.489224
9.2 -0.489224
9.25 -0.489224
9.3 -0.489224
9.35 -0.489226
9.4 -0.489226
9.45 -0.489226
9.5 -0.489226
9.55 -0.489226
9.6 -0.489228
9.65 -0.489228
9.7 -0.489228
9.75 -0.489228
9.8 -0.489228
9.85 -0.489228
9.9 -0.489228
9.95 -0.489228
