0 0 0 0 0 0 0
0.3 0.436903 -0.156556 -0.105653 0.444491 -0.155196 -0.0842818
0.6 0.650139 -0.22268 -0.148852 0.658574 -0.220012 -0.118489
0.9 0.725585 -0.226983 -0.148718 0.731825 -0.223181 -0.118048
1.2 0.71981 -0.190967 -0.12016 0.722866 -0.186273 -0.0949463
1.5 0.669451 -0.130578 -0.074645 0.66939 -0.125255 -0.0583634
1.8 0.59771 -0.057441 -0.0208355 0.595076 -0.0517479 -0.0152091
2.1 0.518834 0.0201549 0.0348724 0.514317 0.0259816 0.0294349
2.4 0.441175 0.0964741 0.087901 0.435446 0.102229 0.0719459
2.7 0.369279 0.167716 0.135117 0.36291 0.173228 0.109855
3 0.305283 0.231529 0.174526 0.298722 0.236665 0.141597
3.3 0.249854 0.28663 0.205012 0.243429 0.291291 0.166303
3.6 0.202799 0.332509 0.226136 0.196731 0.336626 0.183633
3.9 0.163463 0.369202 0.237962 0.157887 0.372734 0.193641
4.2 0.130977 0.397114 0.240917 0.125963 0.400045 0.196664
4.5 0.104411 0.416892 0.235687 0.099981 0.419223 0.193236
4.8 0.0828644 0.42932 0.223121 0.0790056 0.43107 0.184017
5.1 0.065507 0.435254 0.20417 0.0621868 0.436451 0.16974
5.4 0.0516062 0.435563 0.179825 0.0487791 0.436247 0.15117
5.7 0.0405298 0.431098 0.151084 0.038144 0.431313 0.12907
6 0.0317425 0.422663 0.118912 0.029745 0.422457 0.104181
6.3 0.0247983 0.411005 0.0842289 0.0231374 0.410427 0.0772047
6.6 0.0193293 0.396799 0.0478872 0.0179569 0.3959 0.0487895
6.9 0.0150353 0.380648 0.0106647 0.0139074 0.379476 0.0195264
7.2 0.0116731 0.363083 -0.0267414 0.0107508 0.361685 -0.0100562
7.5 0.00904701 0.344563 -0.0637163 0.00829627 0.342985 -0.0394932
7.8 0.00700051 0.325483 -0.0997279 0.00639187 0.323764 -0.0683823
8.1 0.00540892 0.306174 -0.134323 0.00491733 0.304353 -0.096382
8.4 0.00417346 0.28691 -0.167127 0.00377777 0.285021 -0.123208
8.7 0.00321608 0.267917 -0.197833 0.00289859 0.265992 -0.14863
9 0.00247537 0.249374 -0.226202 0.00222138 0.24744 -0.172467
9.3 0.00190315 0.231423 -0.252056 0.00170049 0.229505 -0.194583
9.6 0.00146168 0.214171 -0.275269 0.00130039 0.212288 -0.214882
9.9 0.00112152 0.197694 -0.295765 0.000993459 0.195866 -0.233303
10.2 0.000859729 0.182045 -0.31351 0.000758275 0.180288 -0.249817
10.5 0.000658479 0.167257 -0.328506 0.000578265 0.165584 -0.264423
10.8 0.000503925 0.153343 -0.340787 0.000440629 0.151765 -0.277141
11.1 0.000385351 0.140304 -0.350415 0.000335494 0.138831 -0.288014
11.4 0.000294464 0.128129 -0.357471 0.000255257 0.126768 -0.297097
11.7 0.000224854 0.116797 -0.362057 0.000194075 0.115555 -0.304461
12 0.000171588 0.106281 -0.364287 0.000147461 0.105165 -0.310186
12.3 0.000130857 0.0965487 -0.364288 0.000111973 0.0955622 -0.314361
12.6 9.97369e-05 0.0875635 -0.362192 8.49748e-05 0.0867114 -0.31708
12.9 7.59757e-05 0.0792863 -0.358139 6.44497e-05 0.0785727 -0.318439
13.2 5.78413e-05 0.0716767 -0.352267 4.88559e-05 0.0711055 -0.31854
13.5 4.40132e-05 0.0646932 -0.34472 3.70159e-05 0.0642686 -0.317482
13.8 3.34746e-05 0.0582944 -0.335638 2.80314e-05 0.0580209 -0.315366
14.1 2.54475e-05 0.0524394 -0.325157 2.12176e-05 0.0523219 -0.31229
14.4 1.93379e-05 0.0470881 -0.313413 1.60528e-05 0.0471323 -0.30835
14.7 1.46862e-05 0.0422018 -0.300534 1.214e-05 0.0424142 -0.303639
15 1.1149e-05 0.0377427 -0.286643 9.17707e-06 0.0381312 -0.298245
15.3 8.46036e-06 0.0336752 -0.271858 6.93451e-06 0.0342488 -0.292255
15.6 6.41636e-06 0.0299648 -0.256288 5.23794e-06 0.0307342 -0.285749
15.9 4.86596e-06 0.0265791 -0.240037 3.95499e-06 0.0275566 -0.278803
16.2 3.68625e-06 0.0234871 -0.2232 2.98521e-06 0.0246873 -0.271488
16.5 2.79104e-06 0.0206596 -0.205864 2.25245e-06 0.0220992 -0.263871
16.8 2.11096e-06 0.0180689 -0.188111 1.69899e-06 0.0197675 -0.256013
17.1 1.59277e-06 0.0156889 -0.170012 1.28112e-06 0.0176689 -0.247973
17.4 1.20109e-06 0.0134947 -0.151634 9.65729e-07 0.015782 -0.239801
17.7 9.0085e-07 0.0114628 -0.133033 7.27765e-07 0.0140871 -0.231547
18 6.71669e-07 0.00957077 -0.11426 5.48279e-07 0.012566 -0.223253
18.3 4.93989e-07 0.00779716 -0.0953593 4.12945e-07 0.0112021 -0.214958
18.6 3.53781e-07 0.00612129 -0.0763673 3.10932e-07 0.00998016 -0.206699
18.9 2.44793e-07 0.00452313 -0.0573143 2.34059e-07 0.00888629 -0.198506
19.2 1.53133e-07 0.00298308 -0.0382244 1.76148e-07 0.00790784 -0.190407
19.5 7.48513e-08 0.0014818 -0.0191156 1.32532e-07 0.00703326 -0.182427
