-1 0.353227
-0.95 0.34926
-0.9 0.315257
-0.85 0.248636
-0.8 0.149573
-0.75 0.0214251
-0.7 -0.129139
-0.65 -0.292369
-0.6 -0.456032
-0.55 -0.606368
-0.5 -0.729313
-0.45 -0.811892
-0.4 -0.843616
-0.35 -0.817736
-0.3 -0.73219
-0.25 -0.590115
-0.2 -0.399829
-0.15 -0.17428
-0.1 0.0700334
-0.05 0.314535
3.19189e-16 0.540302
0.05 0.729862
0.1 0.86885
0.15 0.947355
0.2 0.960789
0.25 0.910209
0.3 0.80205
0.35 0.647329
0.4 0.460415
0.45 0.25752
0.5 0.0550902
0.55 -0.131718
0.6 -0.290336
0.65 -0.411709
0.7 -0.490802
0.75 -0.526652
0.8 -0.522016
0.85 -0.482687
0.9 -0.41659
0.95 -0.332782
