-1 0.342531
-0.95 0.354222
-0.9 0.322981
-0.85 0.251795
-0.8 0.146418
-0.75 0.0142926
-0.7 -0.136154
-0.65 -0.295717
-0.6 -0.454257
-0.55 -0.600483
-0.5 -0.722079
-0.45 -0.806428
-0.4 -0.842004
-0.35 -0.820194
-0.3 -0.737123
-0.25 -0.594951
-0.2 -0.40223
-0.15 -0.173169
-0.1 0.0740676
-0.05 0.319596
3.19189e-16 0.544117
0.05 0.730828
0.1 0.866732
0.15 0.94333
0.2 0.956856
0.25 0.908256
0.3 0.803009
0.35 0.650786
0.4 0.464833
0.45 0.260952
0.5 0.0560575
0.55 -0.133569
0.6 -0.294069
0.65 -0.415495
0.7 -0.492723
0.75 -0.525595
0.8 -0.518323
0.85 -0.478316
0.9 -0.414711
0.95 -0.336924
