-1 -0.163642
-0.95 -0.146043
-0.9 -0.128937
-0.85 -0.114412
-0.8 -0.104329
-0.75 -0.100216
-0.7 -0.103205
-0.65 -0.113984
-0.6 -0.13276
-0.55 -0.159205
-0.5 -0.192398
-0.45 -0.230792
-0.4 -0.272227
-0.35 -0.314033
-0.3 -0.353222
-0.25 -0.386757
-0.2 -0.411871
-0.15 -0.426372
-0.1 -0.428884
-0.05 -0.418994
3.19189e-16 -0.397276
0.05 -0.365214
0.1 -0.325042
0.15 -0.279532
0.2 -0.231763
0.25 -0.184885
0.3 -0.141884
0.35 -0.105369
0.4 -0.0773692
0.45 -0.0591849
0.5 -0.0512905
0.55 -0.0533233
0.6 -0.0641598
0.65 -0.0820762
0.7 -0.10497
0.75 -0.130607
0.8 -0.156858
0.85 -0.181893
0.9 -0.204297
0.95 -0.223128
