-2 -0.9949
-1.9 -0.992083
-1.8 -0.989154
-1.7 -0.983909
-1.6 -0.976553
-1.5 -0.966441
-1.4 -0.95281
-1.3 -0.934793
-1.2 -0.910917
-1.1 -0.881078
-1 -0.84273
-0.9 -0.796891
-0.8 -0.742087
-0.7 -0.677791
-0.6 -0.60385
-0.5 -0.520451
-0.4 -0.428374
-0.3 -0.328622
-0.2 -0.222702
-0.1 -0.112463
6.38378e-16 7.20333e-16
0.1 0.112463
0.2 0.222702
0.3 0.328622
0.4 0.428374
0.5 0.520451
0.6 0.60385
0.7 0.677791
0.8 0.742087
0.9 0.796891
1 0.843921
1.1 0.881078
1.2 0.910917
1.3 0.934793
1.4 0.95281
1.5 0.966441
1.6 0.976553
1.7 0.983909
1.8 0.989154
1.9 0.992083
