0 1
0.1 1
0.113889 1
0.127778 1
0.141667 1
0.155556 1
0.169444 1
0.183333 1
0.197222 1
0.211111 1
0.225 1
0.238889 1
0.252778 1
0.266667 1
0.280556 1
0.294444 1
0.308333 1
0.322222 1
0.336111 1
0.35 1
0.363889 1
0.377778 1
0.391667 1
0.405556 1
0.419444 1
0.433333 1
0.447222 1
0.461111 1
0.475 1
0.488889 1
0.502778 1
0.516667 1
0.530556 1
0.544444 1
0.558333 1
0.572222 1
0.586111 1
0.6 1
0.613889 1
0.627778 1
0.641667 1
0.655556 1
0.669444 1
0.683333 1
0.697222 1
0.711111 1
0.725 1
0.738889 1
0.752778 1
0.766667 1
0.780556 1
0.794444 1
0.808333 1
0.822222 1
0.836111 1
0.85 1
0.863889 1
0.877778 1
0.891667 1
0.905556 1
0.919444 1
0.933333 1
0.947222 1
0.961111 1
0.975 1
0.988889 1
1.00278 1
1.01667 1
1.03056 1
1.04444 1
1.05833 1
1.07222 1
1.08611 1
1.1 1
1.11389 1
1.12778 1
1.14167 1
1.15556 1
1.16944 1
1.18333 1
1.19722 1
1.21111 1
1.225 1
1.23889 1
1.25278 1
1.26667 1
1.28056 1
1.29444 1
1.30833 1
1.32222 1
1.33611 1
1.35 1
1.36389 1
1.37778 1
1.39167 1
1.40556 1
1.41944 1
1.43333 1
1.44722 1
1.46111 1
1.475 1
1.48889 1
1.50278 1
1.51667 1
1.53056 1
1.54444 1
1.55833 1
1.57222 1
1.58611 1
1.6 1
1.61389 1
1.62778 1
1.64167 1
1.65556 1
1.66944 1
1.68333 1
1.69722 1
1.71111 1
1.725 1
1.73889 1
1.75278 1
1.76667 1
1.78056 1
1.79444 1
1.80833 1
1.82222 1
1.83611 1
1.85 1
1.86389 1
1.87778 1
1.89167 1
1.90556 1
1.91944 1
1.93333 1
1.94722 1
1.96111 1
1.975 1
1.98889 1
2.00278 1
2.01667 1
2.03056 1
2.04444 1
2.05833 1
2.07222 1
2.08611 1
2.1 1
2.11389 1
2.12778 1
2.14167 1
2.15556 1
2.16944 1
2.18333 1
2.19722 1
2.21111 1
2.225 1
2.23889 1
2.25278 1
2.26667 1
2.28056 1
2.29444 1
2.30833 1
2.32222 1
2.33611 1
2.35 1
2.36389 1
2.37778 1
2.39167 1
2.40556 1
2.41944 1
2.43333 1
2.44722 1
2.46111 1
2.475 1
2.48889 1
2.50278 1
2.51667 1
2.53056 1
2.54444 1
2.55833 1
2.57222 1
2.58611 1
2.6 1
2.61389 1
2.62778 1
2.64167 1
2.65556 1
2.66944 1
2.68333 1
2.69722 1
2.71111 1
2.725 1
2.73889 1
2.75278 1
2.76667 1
2.78056 1
2.79444 1
2.80833 1
2.82222 1
2.83611 1
2.85 1
2.86389 1
2.87778 1
2.89167 1
2.90556 1
2.91944 1
2.93333 1
2.94722 1
2.96111 1
2.975 1
2.98889 1
3.00278 1
3.01667 1
3.03056 1
3.04444 1
3.05833 1
3.07222 1
3.08611 1
3.1 1
3.11389 1
3.12778 1
3.14167 1
3.15556 1
3.16944 1
3.18333 1
3.19722 1
3.21111 1
3.225 1
3.23889 1
3.25278 1
3.26667 1
3.28056 1
3.29444 1
3.30833 1
3.32222 1
3.33611 1
3.35 1
3.36389 1
3.37778 1
3.39167 1
3.40556 1
3.41944 1
3.43333 1
3.44722 1
3.46111 1
3.475 1
3.48889 1
3.50278 1
3.51667 1
3.53056 1
3.54444 1
3.55833 1
3.57222 1
3.58611 1
3.6 1
3.61389 1
3.62778 1
3.64167 1
3.65556 1
3.66944 1
3.68333 1
3.69722 1
3.71111 1
3.725 1
3.73889 1
3.75278 1
3.76667 1
3.78056 1
3.79444 1
3.80833 1
3.82222 1
3.83611 1
3.85 1
3.86389 1
3.87778 1
3.89167 1
3.90556 1
3.91944 1
3.93333 1
3.94722 1
3.96111 1
3.975 1
3.98889 1
4.00278 1
4.01667 1
4.03056 1
4.04444 1
4.05833 1
4.07222 1
4.08611 1
4.1 1
4.11389 1
4.12778 1
4.14167 1
4.15556 1
4.16944 1
4.18333 1
4.19722 1
4.21111 1
4.225 1
4.23889 1
4.25278 1
4.26667 1
4.28056 1
4.29444 1
4.30833 1
4.32222 1
4.33611 1
4.35 1
4.36389 1
4.37778 1
4.39167 1
4.40556 1
4.41944 1
4.43333 1
4.44722 1
4.46111 1
4.475 1
4.48889 1
4.50278 1
4.51667 1
4.53056 1
4.54444 1
4.55833 1
4.57222 1
4.58611 1
4.6 1
4.61389 1
4.62778 1
4.64167 1
4.65556 1
4.66944 1
4.68333 1
4.69722 1
4.71111 1
4.725 1
4.73889 1
4.75278 1
4.76667 1
4.78056 1
4.79444 1
4.80833 1
4.82222 1
4.83611 1
4.85 1
4.86389 1
4.87778 1
4.89167 1
4.90556 1
4.91944 1
4.93333 1
4.94722 1
4.96111 1
4.975 1
4.98889 1
5.00278 1
5.01667 1
5.03056 1
5.04444 1
5.05833 1
5.07222 1
5.08611 1
5.1 1
5.11389 1
5.12778 1
5.14167 1
5.15556 1
5.16944 1
5.18333 1
5.19722 1
5.21111 1
5.225 1
5.23889 1
5.25278 1
5.26667 1
5.28056 1
5.29444 1
5.30833 1
5.32222 1
5.33611 1
5.35 1
5.36389 1
5.37778 1
5.39167 1
5.40556 1
5.41944 1
5.43333 1
5.44722 1
5.46111 1
5.475 1
5.48889 1
5.50278 1
5.51667 1
5.53056 1
5.54444 1
5.55833 1
5.57222 1
5.58611 1
5.6 1
5.61389 1
5.62778 1
5.64167 1
5.65556 1
5.66944 1
5.68333 1
5.69722 1
5.71111 1
5.725 1
5.73889 1
5.75278 1
5.76667 1
5.78056 1
5.79444 1
5.80833 1
5.82222 1
5.83611 1
5.85 1
5.86389 1
5.87778 1
5.89167 1
5.90556 1
5.91944 1
5.93333 1
5.94722 1
5.96111 1
5.975 1
5.98889 1
6.00278 1
6.01667 1
6.03056 1
6.04444 1
6.05833 1
6.07222 1
6.08611 1
6.1 1
6.11389 1
6.12778 1
6.14167 1
6.15556 1
6.16944 1
6.18333 1
6.19722 1
6.21111 1
6.225 1
6.23889 1
6.25278 1
6.26667 1
6.28056 1
6.29444 1
6.30833 1
6.32222 1
6.33611 1
6.35 1
6.36389 1
6.37778 1
6.39167 1
6.40556 1
6.41944 1
6.43333 1
6.44722 1
6.46111 1
6.475 1
6.48889 1
6.50278 1
6.51667 1
6.53056 1
6.54444 1
6.55833 1
6.57222 1
6.58611 1
6.6 1
6.61389 1
6.62778 1
6.64167 1
6.65556 1
6.66944 1
6.68333 1
6.69722 1
6.71111 1
6.725 1
6.73889 1
6.75278 1
6.76667 1
6.78056 1
6.79444 1
6.80833 1
6.82222 1
6.83611 1
6.85 1
6.86389 1
6.87778 1
6.89167 1
6.90556 1
6.91944 1
6.93333 1
6.94722 1
6.96111 1
6.975 1
6.98889 1
7.00278 1
7.01667 1
7.03056 1
7.04444 1
7.05833 1
7.07222 1
7.08611 1
7.1 1
7.11389 1
7.12778 1
7.14167 1
7.15556 1
7.16944 1
7.18333 1
7.19722 1
7.21111 1
7.225 1
7.23889 1
7.25278 1
7.26667 1
7.28056 1
7.29444 1
7.30833 1
7.32222 1
7.33611 1
7.35 1
7.36389 1
7.37778 1
7.39167 1
7.40556 1
7.41944 1
7.43333 1
7.44722 1
7.46111 1
7.475 1
7.48889 1
7.50278 1
7.51667 1
7.53056 1
7.54444 1
7.55833 1
7.57222 1
7.58611 1
7.6 1
7.61389 1
7.62778 1
7.64167 1
7.65556 1
7.66944 1
7.68333 1
7.69722 1
7.71111 1
7.725 1
7.73889 1
7.75278 1
7.76667 1
7.78056 1
7.79444 1
7.80833 1
7.82222 1
7.83611 1
7.85 1
7.86389 1
7.87778 1
7.89167 1
7.90556 1
7.91944 1
7.93333 1
7.94722 1
7.96111 1
7.975 1
7.98889 1
8.00278 1
8.01667 1
8.03056 1
8.04444 1
8.05833 1
8.07222 1
8.08611 1
8.1 1
8.11389 1
8.12778 1
8.14167 1
8.15556 1
8.16944 1
8.18333 1
8.19722 1
8.21111 1
8.225 1
8.23889 1
8.25278 1
8.26667 1
8.28056 1
8.29444 1
8.30833 1
8.32222 1
8.33611 1
8.35 1
8.36389 1
8.37778 1
8.39167 1
8.40556 1
8.41944 1
8.43333 1
8.44722 1
8.46111 1
8.475 1
8.48889 1
8.50278 1
8.51667 1
8.53056 1
8.54444 1
8.55833 1
8.57222 1
8.58611 1
8.6 1
8.61389 1
8.62778 1
8.64167 1
8.65556 1
8.66944 1
8.68333 1
8.69722 1
8.71111 1
8.725 1
8.73889 1
8.75278 1
8.76667 1
8.78056 1
8.79444 1
8.80833 1
8.82222 1
8.83611 1
8.85 1
8.86389 1
8.87778 1
8.89167 1
8.90556 1
8.91944 1
8.93333 1
8.94722 1
8.96111 1
8.975 1
8.98889 1
9.00278 1
9.01667 1
9.03056 1
9.04444 1
9.05833 1
9.07222 1
9.08611 1
9.1 1
9.11389 1
9.12778 1
9.14167 1
9.15556 1
9.16944 1
9.18333 1
9.19722 1
9.21111 1
9.225 1
9.23889 1
9.25278 1
9.26667 1
9.28056 1
9.29444 1
9.30833 1
9.32222 1
9.33611 1
9.35 1
9.36389 1
9.37778 1
9.39167 1
9.40556 1
9.41944 1
9.43333 1
9.44722 1
9.46111 1
9.475 1
9.48889 1
9.50278 1
9.51667 1
9.53056 1
9.54444 1
9.55833 1
9.57222 1
9.58611 1
9.6 1
9.61389 1
9.62778 1
9.64167 1
9.65556 1
9.66944 1
9.68333 1
9.69722 1
9.71111 1
9.725 1
9.73889 1
9.75278 1
9.76667 1
9.78056 1
9.79444 1
9.80833 1
9.82222 1
9.83611 1
9.85 1
9.86389 1
9.87778 1
9.89167 1
9.90556 1
9.91944 1
9.93333 1
9.94722 1
9.96111 1
9.975 1
9.98889 1
10.0028 1
10.0167 1
10.0306 1
10.0444 1
10.0583 1
10.0722 1
10.0861 1
10.1 1
10.1139 1
10.1278 1
10.1417 1
10.1556 1
10.1694 1
10.1833 1
10.1972 1
10.2111 1
10.225 1
10.2389 1
10.2528 1
10.2667 1
10.2806 1
10.2944 1
10.3083 1
10.3222 1
10.3361 1
10.35 1
10.3639 1
10.3778 1
10.3917 1
10.4056 1
10.4194 1
10.4333 1
10.4472 1
10.4611 1
10.475 1
10.4889 1
10.5028 1
10.5167 1
10.5306 1
10.5444 1
10.5583 1
10.5722 1
10.5861 1
10.6 1
10.6139 1
10.6278 1
10.6417 1
10.6556 1
10.6694 1
10.6833 1
10.6972 1
10.7111 1
10.725 1
10.7389 1
10.7528 1
10.7667 1
10.7806 1
10.7944 1
10.8083 1
10.8222 1
10.8361 1
10.85 1
10.8639 1
10.8778 1
10.8917 1
10.9056 1
10.9194 1
10.9333 1
10.9472 1
10.9611 1
10.975 1
10.9889 1
11.0028 1
11.0167 1
11.0306 1
11.0444 1
11.0583 1
11.0722 1
11.0861 1
11.1 1
11.1139 1
11.1278 1
11.1417 1
11.1556 1
11.1694 1
11.1833 1
11.1972 1
11.2111 1
11.225 1
11.2389 1
11.2528 1
11.2667 1
11.2806 1
11.2944 1
11.3083 1
11.3222 1
11.3361 1
11.35 1
11.3639 1
11.3778 1
11.3917 1
11.4056 1
11.4194 1
11.4333 1
11.4472 1
11.4611 1
11.475 1
11.4889 1
11.5028 1
11.5167 1
11.5306 1
11.5444 1
11.5583 1
11.5722 1
11.5861 1
11.6 1
11.6139 1
11.6278 1
11.6417 1
11.6556 1
11.6694 1
11.6833 1
11.6972 1
11.7111 1
11.725 1
11.7389 1
11.7528 1
11.7667 1
11.7806 1
11.7944 1
11.8083 1
11.8222 1
11.8361 1
11.85 1
11.8639 1
11.8778 1
11.8917 1
11.9056 1
11.9194 1
11.9333 1
11.9472 1
11.9611 1
11.975 1
11.9889 1
12.0028 1
12.0167 1
12.0306 1
12.0444 1
12.0583 1
12.0722 1
12.0861 1
12.1 1
12.1139 1
12.1278 1
12.1417 1
12.1556 1
12.1694 1
12.1833 1
12.1972 1
12.2111 1
12.225 1
12.2389 1
12.2528 1
12.2667 1
12.2806 1
12.2944 1
12.3083 1
12.3222 1
12.3361 1
12.35 1
12.3639 1
12.3778 1
12.3917 1
12.4056 1
12.4194 1
12.4333 1
12.4472 1
12.4611 1
12.475 1
12.4889 1
12.5028 1
12.5167 1
12.5306 1
12.5444 1
12.5583 1
12.5722 1
12.5861 1
12.6 1
12.6139 1
12.6278 1
12.6417 1
12.6556 1
12.6694 1
12.6833 1
12.6972 1
12.7111 1
12.725 1
12.7389 1
12.7528 1
12.7667 1
12.7806 1
12.7944 1
12.8083 1
12.8222 1
12.8361 1
12.85 1
12.8639 1
12.8778 1
12.8917 1
12.9056 1
12.9194 1
12.9333 1
12.9472 1
12.9611 1
12.975 1
12.9889 1
13.0028 1
13.0167 1
13.0306 1
13.0444 1
13.0583 1
13.0722 1
13.0861 1
13.1 1
13.1139 1
13.1278 1
13.1417 1
13.1556 1
13.1694 1
13.1833 1
13.1972 1
13.2111 1
13.225 1
13.2389 1
13.2528 1
13.2667 1
13.2806 1
13.2944 1
13.3083 1
13.3222 1
13.3361 1
13.35 1
13.3639 1
13.3778 1
13.3917 1
13.4056 1
13.4194 1
13.4333 1
13.4472 1
13.4611 1
13.475 1
13.4889 1
13.5028 1
13.5167 1
13.5306 1
13.5444 1
13.5583 1
13.5722 1
13.5861 1
13.6 1
13.6139 1
13.6278 1
13.6417 1
13.6556 1
13.6694 1
13.6833 1
13.6972 1
13.7111 1
13.725 1
13.7389 1
13.7528 1
13.7667 1
13.7806 1
13.7944 1
13.8083 1
13.8222 1
13.8361 1
13.85 1
13.8639 1
13.8778 1
13.8917 1
13.9056 1
13.9194 1
13.9333 1
13.9472 1
13.9611 1
13.975 1
13.9889 1
14.0028 1
14.0167 1
14.0306 1
14.0444 1
14.0583 1
14.0722 1
14.0861 1
14.1 1
14.1139 1
14.1278 1
14.1417 1
14.1556 1
14.1694 1
14.1833 1
14.1972 1
14.2111 1
14.225 1
14.2389 1
14.2528 1
14.2667 1
14.2806 1
14.2944 1
14.3083 1
14.3222 1
14.3361 1
14.35 1
14.3639 1
14.3778 1
14.3917 1
14.4056 1
14.4194 1
14.4333 1
14.4472 1
14.4611 1
14.475 1
14.4889 1
14.5028 1
14.5167 1
14.5306 1
14.5444 1
14.5583 1
14.5722 1
14.5861 1
14.6 1
14.6139 1
14.6278 1
14.6417 1
14.6556 1
14.6694 1
14.6833 1
14.6972 1
14.7111 1
14.725 1
14.7389 1
14.7528 1
14.7667 1
14.7806 1
14.7944 1
14.8083 1
14.8222 1
14.8361 1
14.85 1
14.8639 1
14.8778 1
14.8917 1
14.9056 1
14.9194 1
14.9333 1
14.9472 1
14.9611 1
14.975 1
14.9889 1
15.0028 1
15.0167 1
15.0306 1
15.0444 1
15.0583 1
15.0722 1
15.0861 1
15.1 1
15.1139 1
15.1278 1
15.1417 1
15.1556 1
15.1694 1
15.1833 1
15.1972 1
15.2111 1
15.225 1
15.2389 1
15.2528 1
15.2667 1
15.2806 1
15.2944 1
15.3083 1
15.3222 1
15.3361 1
15.35 1
15.3639 1
15.3778 1
15.3917 1
15.4056 1
15.4194 1
15.4333 1
15.4472 1
15.4611 1
15.475 1
15.4889 1
15.5028 1
15.5167 1
15.5306 1
15.5444 1
15.5583 1
15.5722 1
15.5861 1
15.6 1
15.6139 1
15.6278 1
15.6417 1
15.6556 1
15.6694 1
15.6833 1
15.6972 1
15.7111 1
15.725 1
15.7389 1
15.7528 1
15.7667 1
15.7806 1
15.7944 1
15.8083 1
15.8222 1
15.8361 1
15.85 1
15.8639 1
15.8778 1
15.8917 1
15.9056 1
15.9194 1
15.9333 1
15.9472 1
15.9611 1
15.975 1
15.9889 1
16.0028 1
16.0167 1
16.0306 1
16.0444 1
16.0583 1
16.0722 1
16.0861 1
16.1 1
16.1139 1
16.1278 1
16.1417 1
16.1556 1
16.1694 1
16.1833 1
16.1972 1
16.2111 1
16.225 1
16.2389 1
16.2528 1
16.2667 1
16.2806 1
16.2944 1
16.3083 1
16.3222 1
16.3361 1
16.35 1
16.3639 1
16.3778 1
16.3917 1
16.4056 1
16.4194 1
16.4333 1
16.4472 1
16.4611 1
16.475 1
16.4889 1
16.5028 1
16.5167 1
16.5306 1
16.5444 1
16.5583 1
16.5722 1
16.5861 1
16.6 1
16.6139 1
16.6278 1
16.6417 1
16.6556 1
16.6694 1
16.6833 1
16.6972 1
16.7111 1
16.725 1
16.7389 1
16.7528 1
16.7667 1
16.7806 1
16.7944 1
16.8083 1
16.8222 1
16.8361 1
16.85 1
16.8639 1
16.8778 1
16.8917 1
16.9056 1
16.9194 1
16.9333 1
16.9472 1
16.9611 1
16.975 1
16.9889 1
17.0028 1
17.0167 1
17.0306 1
17.0444 1
17.0583 1
17.0722 1
17.0861 1
17.1 1
17.1139 1
17.1278 1
17.1417 1
17.1556 1
17.1694 1
17.1833 1
17.1972 1
17.2111 1
17.225 1
17.2389 1
17.2528 1
17.2667 1
17.2806 1
17.2944 1
17.3083 1
17.3222 1
17.3361 1
17.35 1
17.3639 1
17.3778 1
17.3917 1
17.4056 1
17.4194 1
17.4333 1
17.4472 1
17.4611 1
17.475 1
17.4889 1
17.5028 1
17.5167 1
17.5306 1
17.5444 1
17.5583 1
17.5722 1
17.5861 1
17.6 1
17.6139 1
17.6278 1
17.6417 1
17.6556 1
17.6694 1
17.6833 1
17.6972 1
17.7111 1
17.725 1
17.7389 1
17.7528 1
17.7667 1
17.7806 1
17.7944 1
17.8083 1
17.8222 1
17.8361 1
17.85 1
17.8639 1
17.8778 1
17.8917 1
17.9056 1
17.9194 1
17.9333 1
17.9472 1
17.9611 1
17.975 1
17.9889 1
18.0028 1
18.0167 1
18.0306 1
18.0444 1
18.0583 1
18.0722 1
18.0861 1
18.1 1
18.1139 1
18.1278 1
18.1417 1
18.1556 1
18.1694 1
18.1833 1
18.1972 1
18.2111 1
18.225 1
18.2389 1
18.2528 1
18.2667 1
18.2806 1
18.2944 1
18.3083 1
18.3222 1
18.3361 1
18.35 1
18.3639 1
18.3778 1
18.3917 1
18.4056 1
18.4194 1
18.4333 1
18.4472 1
18.4611 1
18.475 1
18.4889 1
18.5028 1
18.5167 1
18.5306 1
18.5444 1
18.5583 1
18.5722 1
18.5861 1
18.6 1
18.6139 1
18.6278 1
18.6417 1
18.6556 1
18.6694 1
18.6833 1
18.6972 1
18.7111 1
18.725 1
18.7389 1
18.7528 1
18.7667 1
18.7806 1
18.7944 1
18.8083 1
18.8222 1
18.8361 1
18.85 1
18.8639 1
18.8778 1
18.8917 1
18.9056 1
18.9194 1
18.9333 1
18.9472 1
18.9611 1
18.975 1
18.9889 1
19.0028 1
19.0167 1
19.0306 1
19.0444 1
19.0583 1
19.0722 1
19.0861 1
19.1 1
19.1139 1
19.1278 1
19.1417 1
19.1556 1
19.1694 1
19.1833 1
19.1972 1
19.2111 1
19.225 1
19.2389 1
19.2528 1
19.2667 1
19.2806 1
19.2944 1
19.3083 1
19.3222 1
19.3361 1
19.35 1
19.3639 1
19.3778 1
19.3917 1
19.4056 1
19.4194 1
19.4333 1
19.4472 1
19.4611 1
19.475 1
19.4889 1
19.5028 1
19.5167 1
19.5306 1
19.5444 1
19.5583 1
19.5722 1
19.5861 1
19.6 1
19.6139 1
19.6278 1
19.6417 1
19.6556 1
19.6694 1
19.6833 1
19.6972 1
19.7111 1
19.725 1
19.7389 1
19.7528 1
19.7667 1
19.7806 1
19.7944 1
19.8083 1
19.8222 1
19.8361 1
19.85 1
19.8639 1
19.8778 1
19.8917 1
19.9056 1
19.9194 1
19.9333 1
19.9472 1
19.9611 1
19.975 1
19.9889 1
20.0028 1
20.0167 1
20.0306 1
20.0444 1
20.0583 1
20.0722 1
20.0861 1
20.1 1
20.1139 1
20.1278 1
20.1417 1
20.1556 1
20.1694 1
20.1833 1
20.1972 1
20.2111 1
20.225 1
20.2389 1
20.2528 1
20.2667 1
20.2806 1
20.2944 1
20.3083 1
20.3222 1
20.3361 1
20.35 1
20.3639 1
20.3778 1
20.3917 1
20.4056 1
20.4194 1
20.4333 1
20.4472 1
20.4611 1
20.475 1
20.4889 1
20.5028 1
20.5167 1
20.5306 1
20.5444 1
20.5583 1
20.5722 1
20.5861 1
20.6 1
20.6139 1
20.6278 1
20.6417 1
20.6556 1
20.6694 1
20.6833 1
20.6972 1
20.7111 1
20.725 1
20.7389 1
20.7528 1
20.7667 1
20.7806 1
20.7944 1
20.8083 1
20.8222 1
20.8361 1
20.85 1
20.8639 1
20.8778 1
20.8917 1
20.9056 1
20.9194 1
20.9333 1
20.9472 1
20.9611 1
20.975 1
20.9889 1
21.0028 1
21.0167 1
21.0306 1
21.0444 1
21.0583 1
21.0722 1
21.0861 1
21.1 1
21.1139 1
21.1278 1
21.1417 1
21.1556 1
21.1694 1
21.1833 1
21.1972 1
21.2111 1
21.225 1
21.2389 1
21.2528 1
21.2667 1
21.2806 1
21.2944 1
21.3083 1
21.3222 1
21.3361 1
21.35 1
21.3639 1
21.3778 1
21.3917 1
21.4056 1
21.4194 1
21.4333 1
21.4472 1
21.4611 1
21.475 1
21.4889 1
21.5028 1
21.5167 1
21.5306 1
21.5444 1
21.5583 1
21.5722 1
21.5861 1
21.6 1
21.6139 1
21.6278 1
21.6417 1
21.6556 1
21.6694 1
21.6833 1
21.6972 1
21.7111 1
21.725 1
21.7389 1
21.7528 1
21.7667 1
21.7806 1
21.7944 1
21.8083 1
21.8222 1
21.8361 1
21.85 1
21.8639 1
21.8778 1
21.8917 1
21.9056 1
21.9194 1
21.9333 1
21.9472 1
21.9611 1
21.975 1
21.9889 1
22.0028 1
22.0167 1
22.0306 1
22.0444 1
22.0583 1
22.0722 1
22.0861 1
22.1 1
22.1139 1
22.1278 1
22.1417 1
22.1556 1
22.1694 1
22.1833 1
22.1972 1
22.2111 1
22.225 1
22.2389 1
22.2528 1
22.2667 1
22.2806 1
22.2944 1
22.3083 1
22.3222 1
22.3361 1
22.35 1
22.3639 1
22.3778 1
22.3917 1
22.4056 1
22.4194 1
22.4333 1
22.4472 1
22.4611 1
22.475 1
22.4889 1
22.5028 1
22.5167 1
22.5306 1
22.5444 1
22.5583 1
22.5722 1
22.5861 1
22.6 1
22.6139 1
22.6278 1
22.6417 1
22.6556 1
22.6694 1
22.6833 1
22.6972 1
22.7111 1
22.725 1
22.7389 1
22.7528 1
22.7667 1
22.7806 1
22.7944 1
22.8083 1
22.8222 1
22.8361 1
22.85 1
22.8639 1
22.8778 1
22.8917 1
22.9056 1
22.9194 1
22.9333 1
22.9472 1
22.9611 1
22.975 1
22.9889 1
23.0028 1
23.0167 1
23.0306 1
23.0444 1
23.0583 1
23.0722 1
23.0861 1
23.1 1
23.1139 1
23.1278 1
23.1417 1
23.1556 1
23.1694 1
23.1833 1
23.1972 1
23.2111 1
23.225 1
23.2389 1
23.2528 1
23.2667 1
23.2806 1
23.2944 1
23.3083 1
23.3222 1
23.3361 1
23.35 1
23.3639 1
23.3778 1
23.3917 1
23.4056 1
23.4194 1
23.4333 1
23.4472 1
23.4611 1
23.475 1
23.4889 1
23.5028 1
23.5167 1
23.5306 1
23.5444 1
23.5583 1
23.5722 1
23.5861 1
23.6 1
23.6139 1
23.6278 1
23.6417 1
23.6556 1
23.6694 1
23.6833 1
23.6972 1
23.7111 1
23.725 1
23.7389 1
23.7528 1
23.7667 1
23.7806 1
23.7944 1
23.8083 1
23.8222 1
23.8361 1
23.85 1
23.8639 1
23.8778 1
23.8917 1
23.9056 1
23.9194 1
23.9333 1
23.9472 1
23.9611 1
23.975 1
23.9889 1
24.0028 1
24.0167 1
24.0306 1
24.0444 1
24.0583 1
24.0722 1
24.0861 1
24.1 1
24.1139 1
24.1278 1
24.1417 1
24.1556 1
24.1694 1
24.1833 1
24.1972 1
24.2111 1
24.225 1
24.2389 1
24.2528 1
24.2667 1
24.2806 1
24.2944 1
24.3083 1
24.3222 1
24.3361 1
24.35 1
24.3639 1
24.3778 1
24.3917 1
24.4056 1
24.4194 1
24.4333 1
24.4472 1
24.4611 1
24.475 1
24.4889 1
24.5028 1
24.5167 1
24.5306 1
24.5444 1
24.5583 1
24.5722 1
24.5861 1
24.6 1
24.6139 1
24.6278 1
24.6417 1
24.6556 1
24.6694 1
24.6833 1
24.6972 1
24.7111 1
24.725 1
24.7389 1
24.7528 1
24.7667 1
24.7806 1
24.7944 1
24.8083 1
24.8222 1
24.8361 1
24.85 1
24.8639 1
24.8778 1
24.8917 1
24.9056 1
24.9194 1
24.9333 1
24.9472 1
24.9611 1
24.975 1
24.9889 1
25.0028 1
25.0167 1
25.0306 1
25.0444 1
25.0583 1
25.0722 1
25.0861 1
25.1 1
25.1139 1
25.1278 1
25.1417 1
25.1556 1
25.1694 1
25.1833 1
25.1972 1
25.2111 1
25.225 1
25.2389 1
25.2528 1
25.2667 1
25.2806 1
25.2944 1
25.3083 1
25.3222 1
25.3361 1
25.35 1
25.3639 1
25.3778 1
25.3917 1
25.4056 1
25.4194 1
25.4333 1
25.4472 1
25.4611 1
25.475 1
25.4889 1
25.5028 1
25.5167 1
25.5306 1
25.5444 1
25.5583 1
25.5722 1
25.5861 1
25.6 1
25.6139 1
25.6278 1
25.6417 1
25.6556 1
25.6694 1
25.6833 1
25.6972 1
25.7111 1
25.725 1
25.7389 1
25.7528 1
25.7667 1
25.7806 1
25.7944 1
25.8083 1
25.8222 1
25.8361 1
25.85 1
25.8639 1
25.8778 1
25.8917 1
25.9056 1
25.9194 1
25.9333 1
25.9472 1
25.9611 1
25.975 1
25.9889 1
26.0028 1
26.0167 1
26.0306 1
26.0444 1
26.0583 1
26.0722 1
26.0861 1
26.1 1
26.1139 1
26.1278 1
26.1417 1
26.1556 1
26.1694 1
26.1833 1
26.1972 1
26.2111 1
26.225 1
26.2389 1
26.2528 1
26.2667 1
26.2806 1
26.2944 1
26.3083 1
26.3222 1
26.3361 1
26.35 1
26.3639 1
26.3778 1
26.3917 1
26.4056 1
26.4194 1
26.4333 1
26.4472 1
26.4611 1
26.475 1
26.4889 1
26.5028 1
26.5167 1
26.5306 1
26.5444 1
26.5583 1
26.5722 1
26.5861 1
26.6 1
26.6139 1
26.6278 1
26.6417 1
26.6556 1
26.6694 1
26.6833 1
26.6972 1
26.7111 1
26.725 1
26.7389 1
26.7528 1
26.7667 1
26.7806 1
26.7944 1
26.8083 1
26.8222 1
26.8361 1
26.85 1
26.8639 1
26.8778 1
26.8917 1
26.9056 1
26.9194 1
26.9333 1
26.9472 1
26.9611 1
26.975 1
26.9889 1
27.0028 1
27.0167 1
27.0306 1
27.0444 1
27.0583 1
27.0722 1
27.0861 1
27.1 1
27.1139 1
27.1278 1
27.1417 1
27.1556 1
27.1694 1
27.1833 1
27.1972 1
27.2111 1
27.225 1
27.2389 1
27.2528 1
27.2667 1
27.2806 1
27.2944 1
27.3083 1
27.3222 1
27.3361 1
27.35 1
27.3639 1
27.3778 1
27.3917 1
27.4056 1
27.4194 1
27.4333 1
27.4472 1
27.4611 1
27.475 1
27.4889 1
27.5028 1
27.5167 1
27.5306 1
27.5444 1
27.5583 1
27.5722 1
27.5861 1
27.6 1
27.6139 1
27.6278 1
27.6417 1
27.6556 1
27.6694 1
27.6833 1
27.6972 1
27.7111 1
27.725 1
27.7389 1
27.7528 1
27.7667 1
27.7806 1
27.7944 1
27.8083 1
27.8222 1
27.8361 1
27.85 1
27.8639 1
27.8778 1
27.8917 1
27.9056 1
27.9194 1
27.9333 1
27.9472 1
27.9611 1
27.975 1
27.9889 1
28.0028 1
28.0167 1
28.0306 1
28.0444 1
28.0583 1
28.0722 1
28.0861 1
28.1 1
28.1139 1
28.1278 1
28.1417 1
28.1556 1
28.1694 1
28.1833 1
28.1972 1
28.2111 1
28.225 1
28.2389 1
28.2528 1
28.2667 1
28.2806 1
28.2944 1
28.3083 1
28.3222 1
28.3361 1
28.35 1
28.3639 1
28.3778 1
28.3917 1
28.4056 1
28.4194 1
28.4333 1
28.4472 1
28.4611 1
28.475 1
28.4889 1
28.5028 1
28.5167 1
28.5306 1
28.5444 1
28.5583 1
28.5722 1
28.5861 1
28.6 1
28.6139 1
28.6278 1
28.6417 1
28.6556 1
28.6694 1
28.6833 1
28.6972 1
28.7111 1
28.725 1
28.7389 1
28.7528 1
28.7667 1
28.7806 1
28.7944 1
28.8083 1
28.8222 1
28.8361 1
28.85 1
28.8639 1
28.8778 1
28.8917 1
28.9056 1
28.9194 1
28.9333 1
28.9472 1
28.9611 1
28.975 1
28.9889 1
29.0028 1
29.0167 1
29.0306 1
29.0444 1
29.0583 1
29.0722 1
29.0861 1
29.1 1
29.1139 1
29.1278 1
29.1417 1
29.1556 1
29.1694 1
29.1833 1
29.1972 1
29.2111 1
29.225 1
29.2389 1
29.2528 1
29.2667 1
29.2806 1
29.2944 1
29.3083 1
29.3222 1
29.3361 1
29.35 1
29.3639 1
29.3778 1
29.3917 1
29.4056 1
29.4194 1
29.4333 1
29.4472 1
29.4611 1
29.475 1
29.4889 1
29.5028 1
29.5167 1
29.5306 1
29.5444 1
29.5583 1
29.5722 1
29.5861 1
29.6 1
29.6139 1
29.6278 1
29.6417 1
29.6556 1
29.6694 1
29.6833 1
29.6972 1
29.7111 1
29.725 1
29.7389 1
29.7528 1
29.7667 1
29.7806 1
29.7944 1
29.8083 1
29.8222 1
29.8361 1
29.85 1
29.8639 1
29.8778 1
29.8917 1
29.9056 1
29.9194 1
29.9333 1
29.9472 1
29.9611 1
29.975 1
29.9889 1
30.0028 1
30.0167 1
30.0306 1
30.0444 1
30.0583 1
30.0722 1
30.0861 1
30.1 1
30.1139 1
30.1278 1
30.1417 1
30.1556 1
30.1694 1
30.1833 1
30.1972 1
30.2111 1
30.225 1
30.2389 1
30.2528 1
30.2667 1
30.2806 1
30.2944 1
30.3083 1
30.3222 1
30.3361 1
30.35 1
30.3639 1
30.3778 1
30.3917 1
30.4056 1
30.4194 1
30.4333 1
30.4472 1
30.4611 1
30.475 1
30.4889 1
30.5028 1
30.5167 1
30.5306 1
30.5444 1
30.5583 1
30.5722 1
30.5861 1
30.6 1
30.6139 1
30.6278 1
30.6417 1
30.6556 1
30.6694 1
30.6833 1
30.6972 1
30.7111 1
30.725 1
30.7389 1
30.7528 1
30.7667 1
30.7806 1
30.7944 1
30.8083 1
30.8222 1
30.8361 1
30.85 1
30.8639 1
30.8778 1
30.8917 1
30.9056 1
30.9194 1
30.9333 1
30.9472 1
30.9611 1
30.975 1
30.9889 1
31.0028 1
31.0167 1
31.0306 1
31.0444 1
31.0583 1
31.0722 1
31.0861 1
31.1 1
31.1139 1
31.1278 1
31.1417 1
31.1556 1
31.1694 1
31.1833 1
31.1972 1
31.2111 1
31.225 1
31.2389 1
31.2528 1
31.2667 1
31.2806 1
31.2944 1
31.3083 1
31.3222 1
31.3361 1
31.35 1
31.3639 1
31.3778 1
31.3917 1
31.4056 1
31.4159 1
