0 1
0.0608091 0.969614
0.118789 0.940779
0.174876 0.913103
0.229624 0.886376
0.283366 0.860495
0.336307 0.835416
0.38857 0.811129
0.440233 0.787646
0.491343 0.764989
0.541931 0.743183
0.592019 0.722254
0.641619 0.70223
0.690742 0.683132
0.7394 0.66498
0.7876 0.647792
0.835351 0.631581
0.882665 0.616357
0.929551 0.602126
0.976022 0.588893
1.02209 0.576658
1.06777 0.56542
1.11308 0.555177
1.15804 0.545923
1.20267 0.537651
1.24699 0.530354
1.29101 0.524024
1.33478 0.518652
1.3783 0.514229
1.42162 0.510746
1.46476 0.508195
1.50776 0.506569
1.55064 0.505861
1.59343 0.506065
1.63618 0.507177
1.67891 0.509194
1.72167 0.512114
1.76447 0.515936
1.80736 0.52066
1.85037 0.526288
1.89352 0.532822
1.93685 0.540264
1.98039 0.548615
2.02415 0.55788
2.06818 0.56806
2.11248 0.579155
2.15707 0.591167
2.20199 0.604094
2.24725 0.617934
2.29285 0.632681
2.33883 0.64833
2.38519 0.664871
2.43194 0.682292
2.4791 0.700577
2.52667 0.71971
2.57466 0.739667
2.62308 0.760424
2.67194 0.781952
2.72124 0.804217
2.77099 0.827181
2.82118 0.850804
2.87183 0.875039
2.92293 0.899834
2.97447 0.925135
3.02647 0.950882
3.07892 0.97701
3.13181 1.00345
3.18514 1.03013
3.2389 1.05697
3.2931 1.08389
3.34771 1.1108
3.40273 1.13762
3.45815 1.16425
3.51397 1.1906
3.57016 1.21658
3.62671 1.24207
3.68361 1.267
3.74085 1.29125
3.79841 1.31473
3.85627 1.33733
3.91441 1.35897
3.97282 1.37955
4.03149 1.39898
4.09038 1.41717
4.14949 1.43404
4.20879 1.44952
4.26828 1.46352
4.32792 1.47599
4.3877 1.48687
4.44761 1.4961
4.50762 1.50365
4.56772 1.50946
4.6279 1.51353
4.68814 1.51581
4.74841 1.5163
4.80872 1.515
4.86903 1.51191
4.92934 1.50704
4.98962 1.50041
5.04988 1.49204
5.11008 1.48198
5.17022 1.47026
5.23027 1.45693
5.29023 1.44206
5.35007 1.42571
5.40978 1.40794
5.46934 1.38884
5.52874 1.36848
5.58796 1.34696
5.64697 1.32436
5.70577 1.30078
5.76433 1.27632
5.82263 1.25109
5.88066 1.22517
5.9384 1.19868
5.99583 1.17172
6.05294 1.1444
6.1097 1.11682
6.1661 1.08908
6.22213 1.06127
6.27777 1.03351
6.333 1.00588
6.38783 0.978465
6.44222 0.951358
6.49618 0.924636
6.5497 0.898376
6.60277 0.872648
6.65537 0.847517
6.70752 0.823044
6.7592 0.799283
6.8104 0.776283
6.86114 0.75409
6.91141 0.73274
6.96121 0.71227
7.01055 0.692707
7.05942 0.674076
7.10784 0.656398
7.15581 0.639689
7.20333 0.62396
7.25043 0.609222
7.29711 0.595479
7.34337 0.582734
7.38925 0.570987
7.43474 0.560236
7.47987 0.550477
7.52466 0.541703
7.56913 0.533909
7.6133 0.527085
7.65719 0.521224
7.70083 0.516316
7.74425 0.512353
7.78747 0.509326
7.83053 0.507228
7.87346 0.50605
7.91629 0.505788
7.95905 0.506435
8.00179 0.507989
8.04452 0.510446
8.08729 0.513806
8.13013 0.518067
8.17306 0.523232
8.21613 0.529301
8.25937 0.536277
8.30279 0.544161
8.34643 0.552958
8.39031 0.562667
8.43446 0.573293
8.4789 0.584834
8.52365 0.597292
8.56873 0.610664
8.61415 0.624946
8.65993 0.640133
8.70608 0.656217
8.75263 0.673188
8.79957 0.691031
8.84692 0.709732
8.89469 0.729268
8.94289 0.749618
8.99152 0.770754
9.04059 0.792645
9.0901 0.815256
9.14006 0.838546
9.19047 0.862473
9.24133 0.886987
9.29264 0.912036
9.34441 0.937562
9.39662 0.963503
9.44928 0.989793
9.50238 1.01636
9.55592 1.04313
9.60988 1.07002
9.66428 1.09695
9.71909 1.12383
9.7743 1.15057
9.82991 1.17708
9.8859 1.20326
9.94227 1.22901
9.99899 1.25425
10.0561 1.27886
10.1134 1.30275
10.1711 1.32582
10.2291 1.34797
10.2874 1.36911
10.3459 1.38915
10.4047 1.40799
10.4637 1.42555
10.5229 1.44176
10.5823 1.45653
10.6419 1.4698
10.7016 1.48151
10.7614 1.4916
10.8214 1.50002
10.8814 1.50673
10.9416 1.51171
11.0018 1.51491
11.062 1.51633
11.1223 1.51596
11.1826 1.51379
11.2429 1.50984
11.3032 1.50411
11.3635 1.49664
11.4237 1.48745
11.4839 1.47658
11.544 1.46408
11.604 1.45
11.6639 1.4344
11.7237 1.41736
11.7833 1.39894
11.8428 1.37922
11.9021 1.35829
11.9612 1.33623
12.0201 1.31315
12.0788 1.28913
12.1372 1.26428
12.1954 1.2387
12.2533 1.2125
12.3109 1.18577
12.3681 1.15862
12.4251 1.13116
12.4817 1.10348
12.5379 1.0757
12.5937 1.0479
12.6492 1.02019
12.7042 0.992651
12.7588 0.965374
12.813 0.938441
12.8668 0.911931
12.9201 0.885917
12.9729 0.860467
13.0253 0.835644
13.0772 0.811506
13.1286 0.788104
13.1796 0.765486
13.2301 0.743693
13.2802 0.722761
13.3297 0.702722
13.3788 0.683604
13.4275 0.665427
13.4757 0.648212
13.5234 0.631972
13.5708 0.616717
13.6176 0.602456
13.6641 0.589191
13.7102 0.576924
13.7559 0.565655
13.8012 0.55538
13.8462 0.546094
13.8908 0.537791
13.9351 0.530462
13.9791 0.524101
14.0229 0.518697
14.0664 0.514243
14.1097 0.510729
14.1529 0.508148
14.1959 0.506491
14.2387 0.505752
14.2815 0.505925
14.3243 0.507006
14.367 0.508992
14.4097 0.511881
14.4525 0.515672
14.4954 0.520365
14.5384 0.525962
14.5815 0.532464
14.6248 0.539873
14.6684 0.548193
14.7121 0.557425
14.7561 0.567572
14.8004 0.578635
14.845 0.590614
14.8899 0.603508
14.9351 0.617315
14.9807 0.63203
15.0267 0.647647
15.073 0.664155
15.1197 0.681545
15.1668 0.699799
15.2144 0.718901
15.2624 0.738829
15.3108 0.759558
15.3596 0.781058
15.4089 0.803297
15.4586 0.826237
15.5088 0.849837
15.5594 0.874051
15.6105 0.898828
15.662 0.924112
15.714 0.949845
15.7664 0.975962
15.8192 1.00239
15.8725 1.02907
15.9263 1.0559
15.9805 1.08282
16.035 1.10974
16.09 1.13657
16.1454 1.16321
16.2012 1.18958
16.2574 1.21557
16.3139 1.2411
16.3708 1.26605
16.428 1.29033
16.4856 1.31384
16.5434 1.33649
16.6015 1.35817
16.6599 1.3788
16.7186 1.39828
16.7774 1.41653
16.8365 1.43346
16.8958 1.449
16.9553 1.46307
17.0149 1.47561
17.0747 1.48655
17.1346 1.49586
17.1946 1.50348
17.2547 1.50937
17.3148 1.51351
17.3751 1.51587
17.4353 1.51644
17.4956 1.51522
17.5559 1.5122
17.6162 1.5074
17.6765 1.50085
17.7368 1.49256
17.797 1.48256
17.8571 1.47092
17.9171 1.45766
17.9771 1.44286
18.0369 1.42657
18.0967 1.40886
18.1562 1.38981
18.2156 1.36951
18.2748 1.34803
18.3338 1.32548
18.3926 1.30194
18.4512 1.27752
18.5095 1.25231
18.5676 1.22642
18.6253 1.19995
18.6827 1.17301
18.7398 1.1457
18.7966 1.11812
18.853 1.09038
18.9091 1.06258
18.9647 1.03481
19.02 1.00717
19.0748 0.97974
19.1292 0.952613
19.1832 0.925869
19.2367 0.899583
19.2898 0.873826
19.3424 0.848663
19.3946 0.824155
19.4463 0.800357
19.4975 0.777318
19.5482 0.755083
19.5985 0.73369
19.6483 0.713175
19.6977 0.693566
19.7466 0.674888
19.795 0.657161
19.843 0.640403
19.8905 0.624625
19.9376 0.609836
19.9843 0.596043
20.0306 0.583247
20.0765 0.57145
20.122 0.560648
20.1671 0.550839
20.2119 0.542015
20.2564 0.534171
20.3006 0.527298
20.3445 0.521387
20.3881 0.51643
20.4315 0.512419
20.4748 0.509343
20.5178 0.507197
20.5608 0.505971
20.6036 0.505661
20.6463 0.50626
20.6891 0.507766
20.7318 0.510176
20.7745 0.513487
20.8174 0.517701
20.8603 0.522817
20.9033 0.528838
20.9466 0.535765
20.99 0.5436
21.0336 0.552347
21.0774 0.562007
21.1216 0.572583
21.166 0.584074
21.2107 0.596482
21.2558 0.609804
21.3011 0.624036
21.3469 0.639174
21.393 0.655209
21.4395 0.672132
21.4865 0.689928
21.5338 0.708581
21.5815 0.728073
21.6297 0.748378
21.6783 0.769472
21.7273 0.791322
21.7768 0.813894
21.8267 0.837149
21.8771 0.861042
21.9279 0.885526
21.9792 0.910548
22.0309 0.93605
22.0831 0.961972
22.1357 0.988245
22.1888 1.0148
22.2423 1.04156
22.2962 1.06845
22.3506 1.09538
22.4054 1.12227
22.4606 1.14902
22.5161 1.17555
22.5721 1.20176
22.6284 1.22754
22.6851 1.25281
22.7422 1.27747
22.7995 1.30141
22.8572 1.32453
22.9152 1.34674
22.9734 1.36795
23.0319 1.38805
23.0907 1.40697
23.1497 1.42462
23.2088 1.44091
23.2682 1.45578
23.3278 1.46914
23.3875 1.48095
23.4473 1.49114
23.5072 1.49967
23.5673 1.50649
23.6274 1.51157
23.6876 1.51488
23.7478 1.51641
23.8081 1.51615
23.8684 1.5141
23.9287 1.51025
23.989 1.50464
24.0493 1.49727
24.1095 1.48819
24.1696 1.47742
24.2297 1.46502
24.2897 1.45104
24.3496 1.43553
24.4094 1.41858
24.4691 1.40024
24.5285 1.3806
24.5879 1.35974
24.647 1.33775
24.7059 1.31473
24.7646 1.29076
24.823 1.26596
24.8812 1.24042
24.9391 1.21425
24.9967 1.18755
25.054 1.16042
25.1109 1.13298
25.1675 1.10531
25.2238 1.07753
25.2796 1.04973
25.3351 1.022
25.3902 0.994448
25.4448 0.967148
25.499 0.940187
25.5528 0.913645
25.6061 0.887594
25.6589 0.862102
25.7113 0.837234
25.7633 0.813046
25.8148 0.789592
25.8658 0.766918
25.9163 0.745067
25.9664 0.724074
26.016 0.703973
26.0651 0.68479
26.1138 0.666548
26.162 0.649266
26.2098 0.632958
26.2571 0.617635
26.304 0.603305
26.3505 0.589971
26.3966 0.577635
26.4423 0.566297
26.4876 0.555953
26.5326 0.546598
26.5772 0.538226
26.6216 0.53083
26.6656 0.524401
26.7094 0.51893
26.7529 0.51441
26.7962 0.51083
26.8394 0.508182
26.8824 0.50646
26.9252 0.505656
26.968 0.505765
27.0107 0.506781
27.0535 0.508702
27.0962 0.511527
27.139 0.515252
27.1818 0.519881
27.2248 0.525412
27.2679 0.531848
27.3112 0.539192
27.3547 0.547445
27.3984 0.556611
27.4424 0.566691
27.4867 0.577687
27.5312 0.589599
27.5761 0.602426
27.6213 0.616166
27.6668 0.630814
27.7128 0.646365
27.759 0.662808
27.8057 0.680133
27.8528 0.698324
27.9003 0.717364
27.9483 0.737232
27.9966 0.757903
28.0454 0.779348
28.0947 0.801534
28.1443 0.824424
28.1945 0.847977
28.245 0.872148
28.2961 0.896885
28.3476 0.922135
28.3995 0.947838
28.4519 0.97393
28.5047 1.00034
28.558 1.027
28.6117 1.05383
28.6658 1.08075
28.7203 1.10768
28.7753 1.13452
28.8306 1.16118
28.8864 1.18757
28.9425 1.2136
28.999 1.23917
29.0559 1.26417
29.1131 1.28851
29.1706 1.31209
29.2284 1.33481
29.2865 1.35658
29.3448 1.3773
29.4035 1.39687
29.4623 1.41522
29.5214 1.43226
29.5806 1.44791
29.6401 1.46211
29.6997 1.47477
29.7594 1.48585
29.8193 1.49529
29.8793 1.50304
29.9394 1.50908
29.9995 1.51336
30.0598 1.51586
30.12 1.51658
30.1803 1.5155
30.2406 1.51263
30.3009 1.50798
30.3612 1.50156
30.4214 1.49341
30.4816 1.48355
30.5417 1.47204
30.6018 1.45891
30.6617 1.44423
30.7216 1.42805
30.7813 1.41046
30.8409 1.39152
30.9003 1.37131
30.9595 1.34993
31.0185 1.32746
31.0773 1.304
31.1359 1.27964
31.1942 1.25449
31.2523 1.22865
31.31 1.20222
31.3675 1.17531
31.4159 1.15222
