0 1
0.060142 0.969929
0.117443 0.94138
0.172859 0.913953
0.226957 0.887433
0.280077 0.861714
0.332426 0.836749
0.384131 0.812532
0.43527 0.789073
0.48589 0.766395
0.536021 0.744527
0.585682 0.723496
0.634887 0.703333
0.683645 0.684061
0.731962 0.665705
0.779846 0.648284
0.827303 0.631814
0.874342 0.616308
0.920971 0.601776
0.967199 0.588223
1.01304 0.575655
1.0585 0.56407
1.1036 0.553469
1.14835 0.543848
1.19277 0.535202
1.23688 0.527524
1.2807 0.520807
1.32425 0.515043
1.36756 0.510224
1.41066 0.506342
1.45357 0.503387
1.49632 0.501353
1.53894 0.500233
1.58147 0.50002
1.62393 0.500711
1.66637 0.502301
1.70881 0.504788
1.75129 0.508171
1.79384 0.512449
1.83649 0.517624
1.87927 0.523696
1.92221 0.530669
1.96534 0.538544
2.00869 0.547323
2.05227 0.557008
2.09612 0.567601
2.14024 0.579103
2.18467 0.591511
2.22942 0.604824
2.27451 0.619038
2.31994 0.634145
2.36574 0.650138
2.41191 0.667004
2.45847 0.68473
2.50541 0.703297
2.55276 0.722685
2.60051 0.742869
2.64867 0.763821
2.69725 0.785508
2.74624 0.807895
2.79566 0.830941
2.84549 0.854602
2.89575 0.878828
2.94642 0.903567
2.99751 0.928761
3.04902 0.954348
3.10094 0.980263
3.15327 1.00644
3.20601 1.03279
3.25914 1.05926
3.31266 1.08574
3.36657 1.11218
3.42086 1.13846
3.47551 1.16452
3.53052 1.19024
3.58588 1.21555
3.64159 1.24035
3.69762 1.26454
3.75396 1.28803
3.81061 1.31072
3.86756 1.33253
3.92478 1.35335
3.98227 1.37311
4.04 1.3917
4.09797 1.40906
4.15617 1.42511
4.21456 1.43976
4.27315 1.45294
4.3319 1.46461
4.39081 1.47469
4.44986 1.48315
4.50903 1.48992
4.5683 1.49499
4.62765 1.49833
4.68707 1.4999
4.74654 1.49971
4.80603 1.49775
4.86554 1.49403
4.92504 1.48855
4.98451 1.48135
5.04393 1.47245
5.10329 1.46189
5.16257 1.44972
5.22174 1.436
5.2808 1.42078
5.33972 1.40413
5.39848 1.38613
5.45707 1.36685
5.51547 1.34638
5.57366 1.32481
5.63163 1.30222
5.68936 1.27872
5.74683 1.2544
5.80403 1.22936
5.86095 1.2037
5.91756 1.17751
5.97387 1.15091
6.02984 1.12399
6.08548 1.09684
6.14077 1.06957
6.19569 1.04227
6.25024 1.01503
6.30441 0.987927
6.35819 0.96106
6.41157 0.934505
6.46454 0.908336
6.5171 0.882626
6.56924 0.857442
6.62095 0.832847
6.67223 0.808897
6.72308 0.785646
6.7735 0.763141
6.82347 0.741426
6.87302 0.720538
6.92212 0.700512
6.97079 0.681375
7.01903 0.663154
7.06684 0.645868
7.11423 0.629534
7.16121 0.614165
7.20777 0.59977
7.25394 0.586355
7.29972 0.573924
7.34513 0.562477
7.39017 0.552014
7.43487 0.542529
7.47924 0.534018
7.5233 0.526474
7.56708 0.519891
7.6106 0.514259
7.65387 0.509571
7.69693 0.505818
7.73981 0.502992
7.78254 0.501085
7.82514 0.500091
7.86766 0.500004
7.91011 0.50082
7.95254 0.502534
7.99498 0.505145
8.03747 0.508652
8.08002 0.513054
8.12268 0.518353
8.16548 0.52455
8.20844 0.531647
8.2516 0.539646
8.29497 0.54855
8.33858 0.558361
8.38246 0.569079
8.42663 0.580705
8.4711 0.593239
8.51589 0.606676
8.56102 0.621013
8.6065 0.636243
8.65234 0.652356
8.69856 0.669342
8.74516 0.687184
8.79216 0.705866
8.83956 0.725365
8.88736 0.745656
8.93557 0.766711
8.9842 0.788497
9.03325 0.810977
9.08272 0.834111
9.13261 0.857852
9.18292 0.882153
9.23364 0.906958
9.28479 0.93221
9.33635 0.957847
9.38833 0.983802
9.44071 1.01001
9.49349 1.03638
9.54667 1.06286
9.60024 1.08934
9.6542 1.11576
9.70853 1.14202
9.76323 1.16804
9.81829 1.19372
9.87369 1.21896
9.92944 1.24368
9.98551 1.26779
10.0419 1.29118
10.0986 1.31376
10.1556 1.33543
10.2128 1.35612
10.2703 1.37573
10.3281 1.39416
10.3861 1.41135
10.4443 1.42721
10.5027 1.44167
10.5613 1.45466
10.6201 1.46611
10.679 1.47598
10.7381 1.48421
10.7973 1.49076
10.8566 1.4956
10.9159 1.4987
10.9753 1.50004
11.0348 1.49961
11.0943 1.49741
11.1538 1.49345
11.2133 1.48774
11.2728 1.48031
11.3322 1.47119
11.3915 1.46041
11.4508 1.44803
11.5099 1.4341
11.569 1.41869
11.6279 1.40186
11.6866 1.38368
11.7452 1.36423
11.8035 1.34361
11.8617 1.3219
11.9196 1.29918
11.9773 1.27556
12.0347 1.25114
12.0919 1.22601
12.1488 1.20027
12.2054 1.17403
12.2616 1.14737
12.3175 1.12041
12.3731 1.09325
12.4284 1.06596
12.4832 1.03866
12.5377 1.01143
12.5918 0.984358
12.6456 0.957526
12.6989 0.931016
12.7518 0.904903
12.8043 0.879257
12.8564 0.854147
12.908 0.829632
12.9593 0.80577
13.01 0.782614
13.0604 0.76021
13.1103 0.738601
13.1598 0.717824
13.2088 0.697912
13.2574 0.678894
13.3056 0.660793
13.3534 0.643631
13.4007 0.627422
13.4476 0.612179
13.4941 0.597912
13.5402 0.584626
13.586 0.572323
13.6313 0.561004
13.6763 0.550668
13.721 0.541311
13.7653 0.532926
13.8093 0.525508
13.8531 0.519049
13.8965 0.51354
13.9398 0.508974
13.9828 0.505341
14.0257 0.502635
14.0684 0.500847
14.111 0.499971
14.1535 0.500001
14.1959 0.500933
14.2383 0.502764
14.2808 0.50549
14.3232 0.509113
14.3658 0.513631
14.4085 0.519045
14.4513 0.525358
14.4943 0.532571
14.5375 0.540686
14.5809 0.549707
14.6245 0.559634
14.6684 0.570469
14.7126 0.582212
14.7571 0.594862
14.8019 0.608415
14.8471 0.622867
14.8926 0.638211
14.9385 0.654437
14.9848 0.671533
15.0314 0.689484
15.0785 0.708272
15.1259 0.727874
15.1738 0.748265
15.222 0.769416
15.2707 0.791293
15.3198 0.813859
15.3693 0.837074
15.4193 0.86089
15.4696 0.885258
15.5204 0.910125
15.5716 0.93543
15.6232 0.961113
15.6752 0.987104
15.7277 1.01334
15.7805 1.03973
15.8337 1.06621
15.8873 1.0927
15.9413 1.1191
15.9957 1.14534
16.0505 1.17132
16.1055 1.19695
16.161 1.22213
16.2168 1.24678
16.2729 1.2708
16.3293 1.2941
16.386 1.31657
16.443 1.33813
16.5003 1.35868
16.5579 1.37815
16.6157 1.39643
16.6737 1.41346
16.7319 1.42915
16.7904 1.44343
16.849 1.45623
16.9078 1.46749
16.9667 1.47715
17.0258 1.48518
17.085 1.49152
17.1443 1.49614
17.2036 1.49902
17.263 1.50014
17.3225 1.49949
17.382 1.49707
17.4415 1.49289
17.501 1.48697
17.5604 1.47932
17.6198 1.46999
17.6792 1.45901
17.7384 1.44644
17.7976 1.43232
17.8566 1.41672
17.9155 1.39972
17.9742 1.38138
18.0327 1.36178
18.091 1.34102
18.1492 1.31917
18.2071 1.29634
18.2647 1.27262
18.3221 1.2481
18.3792 1.22289
18.4361 1.19708
18.4926 1.17078
18.5488 1.14408
18.6047 1.11709
18.6602 1.0899
18.7154 1.06261
18.7703 1.03531
18.8247 1.00809
18.8788 0.981042
18.9324 0.954245
18.9857 0.927778
19.0386 0.901717
19.091 0.876133
19.143 0.851091
19.1946 0.826652
19.2458 0.802874
19.2965 0.779806
19.3468 0.757496
19.3967 0.735986
19.4461 0.715312
19.4951 0.695507
19.5436 0.676599
19.5918 0.658611
19.6395 0.641563
19.6867 0.625471
19.7336 0.610347
19.7801 0.596198
19.8261 0.58303
19.8718 0.570847
19.9171 0.559647
19.962 0.54943
20.0067 0.54019
20.0509 0.531923
20.0949 0.524621
20.1386 0.518277
20.1821 0.512882
20.2253 0.508429
20.2683 0.504909
20.3111 0.502313
20.3538 0.500636
20.3964 0.499869
20.4388 0.500008
20.4813 0.501048
20.5237 0.502986
20.5661 0.50582
20.6086 0.509549
20.6512 0.514175
20.6939 0.519696
20.7367 0.526117
20.7797 0.533437
20.8229 0.541661
20.8663 0.55079
20.91 0.560825
20.9539 0.571768
20.9982 0.583619
21.0427 0.596377
21.0876 0.610037
21.1328 0.624596
21.1783 0.640045
21.2243 0.656376
21.2706 0.673575
21.3173 0.691626
21.3644 0.710512
21.4118 0.730209
21.4597 0.750692
21.508 0.771931
21.5568 0.793893
21.6059 0.816539
21.6555 0.839827
21.7055 0.863712
21.7559 0.888143
21.8067 0.913065
21.8579 0.93842
21.9096 0.964143
21.9617 0.990168
22.0141 1.01642
22.067 1.04283
22.1203 1.06932
22.1739 1.0958
22.228 1.12219
22.2824 1.1484
22.3372 1.17435
22.3923 1.19993
22.4478 1.22506
22.5036 1.24965
22.5597 1.27359
22.6162 1.29679
22.6729 1.31916
22.73 1.34061
22.7873 1.36105
22.8449 1.38038
22.9027 1.39852
22.9607 1.4154
23.019 1.43093
23.0774 1.44504
23.1361 1.45767
23.1949 1.46875
23.2538 1.47822
23.3129 1.48605
23.3721 1.4922
23.4314 1.49662
23.4908 1.4993
23.5502 1.50021
23.6097 1.49936
23.6692 1.49674
23.7287 1.49236
23.7881 1.48623
23.8476 1.47839
23.907 1.46886
23.9663 1.4577
24.0255 1.44494
24.0847 1.43065
24.1436 1.41489
24.2025 1.39773
24.2612 1.37924
24.3197 1.3595
24.378 1.33861
24.4361 1.31664
24.494 1.2937
24.5516 1.26988
24.609 1.24528
24.6661 1.21999
24.7228 1.19412
24.7793 1.16777
24.8355 1.14103
24.8914 1.11401
24.9468 1.0868
25.002 1.05951
25.0568 1.03221
25.1112 1.00501
25.1652 0.97798
25.2188 0.951215
25.272 0.92479
25.3248 0.898778
25.3772 0.873251
25.4292 0.848273
25.4807 0.823906
25.5318 0.800204
25.5825 0.777219
25.6328 0.754996
25.6826 0.733578
25.732 0.713
25.7809 0.693294
25.8294 0.674488
25.8775 0.656605
25.9251 0.639663
25.9723 0.623679
26.0191 0.608663
26.0655 0.594624
26.1116 0.581566
26.1572 0.569493
26.2024 0.558403
26.2474 0.548295
26.2919 0.539164
26.3362 0.531005
26.3801 0.52381
26.4238 0.517573
26.4672 0.512283
26.5104 0.507934
26.5533 0.504517
26.5962 0.502024
26.6388 0.500448
26.6814 0.499782
26.7239 0.50002
26.7663 0.50116
26.8087 0.503197
26.8511 0.506131
26.8936 0.509959
26.9362 0.514683
26.9789 0.520304
27.0217 0.526824
27.0648 0.534244
27.108 0.542567
27.1514 0.551795
27.1951 0.561931
27.2391 0.572974
27.2833 0.584924
27.3279 0.597781
27.3728 0.611541
27.418 0.626197
27.4636 0.641744
27.5096 0.65817
27.5559 0.675464
27.6027 0.693608
27.6498 0.712584
27.6973 0.732368
27.7453 0.752936
27.7936 0.774256
27.8424 0.796295
27.8916 0.819013
27.9412 0.84237
27.9912 0.866317
28.0416 0.890805
28.0925 0.915778
28.1438 0.941177
28.1955 0.966937
28.2476 0.992991
28.3001 1.01927
28.353 1.04569
28.4063 1.07218
28.46 1.09866
28.5141 1.12504
28.5686 1.15123
28.6234 1.17714
28.6785 1.20268
28.7341 1.22776
28.7899 1.25228
28.8461 1.27614
28.9026 1.29926
28.9593 1.32154
29.0164 1.34289
29.0737 1.36321
29.1313 1.38242
29.1892 1.40044
29.2472 1.41717
29.3055 1.43255
29.364 1.44651
29.4226 1.45897
29.4815 1.46989
29.5404 1.47919
29.5995 1.48685
29.6587 1.49281
29.718 1.49705
29.7774 1.49954
29.8368 1.50026
29.8963 1.49922
29.9558 1.49641
30.0153 1.49185
30.0747 1.48554
30.1342 1.47752
30.1936 1.46781
30.2529 1.45648
30.3121 1.44356
30.3712 1.42911
30.4302 1.41319
30.489 1.39588
30.5477 1.37726
30.6061 1.35739
30.6644 1.33638
30.7225 1.31431
30.7803 1.29127
30.8379 1.26736
30.8953 1.24268
30.9523 1.21733
31.0091 1.1914
31.0655 1.165
31.1217 1.13823
31.1775 1.11118
31.2329 1.08396
31.288 1.05666
31.3428 1.02937
31.3971 1.00217
31.4159 0.992769
